4 0.453125 0.077083 0.025000 0.070833
4 0.451562 0.160417 0.021875 0.079167
4 0.401562 0.177083 0.021875 0.045833
4 0.404687 0.231250 0.028125 0.054167
4 0.401562 0.291667 0.021875 0.058333
4 0.448437 0.291667 0.028125 0.041667
4 0.040625 0.404167 0.056250 0.033333
4 0.093750 0.408333 0.043750 0.025000
4 0.165625 0.408333 0.062500 0.033333
4 0.225000 0.408333 0.050000 0.033333
4 0.281250 0.402083 0.050000 0.029167
4 0.367188 0.408333 0.053125 0.033333
4 0.418750 0.406250 0.043750 0.029167
4 0.487500 0.406250 0.068750 0.037500
4 0.554688 0.404167 0.059375 0.033333
4 0.612500 0.404167 0.062500 0.033333
4 0.684375 0.404167 0.075000 0.025000
4 0.751563 0.402083 0.059375 0.029167
4 0.026562 0.450000 0.046875 0.025000
4 0.078125 0.452083 0.056250 0.020833
4 0.137500 0.447917 0.062500 0.020833
4 0.192188 0.447917 0.046875 0.029167
4 0.253125 0.450000 0.056250 0.025000
4 0.325000 0.450000 0.056250 0.025000
4 0.385937 0.450000 0.053125 0.025000
4 0.453125 0.447917 0.050000 0.029167
4 0.523438 0.450000 0.046875 0.033333
4 0.385937 0.547917 0.053125 0.029167
4 0.518750 0.543750 0.075000 0.029167
4 0.601562 0.547917 0.053125 0.029167
4 0.682813 0.545833 0.053125 0.025000
4 0.740625 0.543750 0.050000 0.029167
4 0.803125 0.539583 0.056250 0.020833
4 0.860938 0.539583 0.046875 0.020833
4 0.906250 0.539583 0.037500 0.020833
4 0.959375 0.537500 0.037500 0.025000
4 0.367188 0.591667 0.046875 0.025000
4 0.426563 0.595833 0.046875 0.025000
4 0.478125 0.589583 0.050000 0.029167
4 0.551562 0.591667 0.053125 0.025000
4 0.617188 0.591667 0.053125 0.025000
4 0.678125 0.589583 0.050000 0.029167
4 0.742188 0.587500 0.046875 0.025000
4 0.803125 0.585417 0.050000 0.020833
4 0.864062 0.579167 0.040625 0.025000
4 0.918750 0.579167 0.037500 0.025000
4 0.967187 0.577083 0.034375 0.029167
