4 0.451562 0.264583 0.021875 0.070833
4 0.500000 0.433333 0.043750 0.058333
4 0.021875 0.547917 0.037500 0.029167
4 0.067187 0.541667 0.046875 0.033333
4 0.112500 0.543750 0.050000 0.037500
4 0.171875 0.547917 0.056250 0.029167
4 0.232813 0.547917 0.053125 0.037500
4 0.292187 0.547917 0.046875 0.029167
4 0.014063 0.591667 0.021875 0.025000
4 0.057813 0.589583 0.040625 0.029167
4 0.107813 0.589583 0.053125 0.029167
4 0.165625 0.589583 0.050000 0.029167
4 0.225000 0.591667 0.050000 0.025000
4 0.285938 0.593750 0.053125 0.029167
4 0.451562 0.783333 0.021875 0.066667
4 0.546875 0.712500 0.025000 0.050000
4 0.546875 0.764583 0.025000 0.054167
4 0.546875 0.825000 0.025000 0.050000
4 0.545312 0.881250 0.021875 0.054167
4 0.546875 0.937500 0.025000 0.041667
4 0.590625 0.706250 0.025000 0.054167
4 0.589063 0.762500 0.028125 0.058333
4 0.590625 0.825000 0.025000 0.050000
4 0.592187 0.877083 0.021875 0.045833
4 0.592187 0.925000 0.021875 0.050000
4 0.709375 0.406250 0.050000 0.029167
4 0.760938 0.410417 0.053125 0.029167
4 0.817187 0.408333 0.046875 0.033333
4 0.865625 0.410417 0.043750 0.029167
4 0.910937 0.410417 0.040625 0.029167
4 0.948438 0.412500 0.040625 0.025000
4 0.989062 0.412500 0.021875 0.025000
4 0.703125 0.450000 0.050000 0.025000
4 0.757812 0.452083 0.053125 0.029167
4 0.809375 0.454167 0.043750 0.025000
4 0.859375 0.450000 0.043750 0.025000
4 0.906250 0.452083 0.037500 0.029167
4 0.948438 0.450000 0.040625 0.025000
4 0.989062 0.452083 0.021875 0.020833
