4 0.112500 0.547917 0.043750 0.029167
4 0.171875 0.547917 0.050000 0.029167
4 0.228125 0.550000 0.043750 0.025000
4 0.290625 0.550000 0.043750 0.025000
4 0.287500 0.595833 0.050000 0.025000
4 0.221875 0.593750 0.043750 0.029167
4 0.164062 0.591667 0.046875 0.025000
4 0.704688 0.408333 0.046875 0.025000
4 0.756250 0.408333 0.050000 0.025000
4 0.814063 0.410417 0.040625 0.029167
4 0.860938 0.408333 0.040625 0.025000
4 0.909375 0.412500 0.037500 0.025000
4 0.956250 0.414583 0.031250 0.020833
4 0.987500 0.450000 0.025000 0.025000
4 0.950000 0.450000 0.037500 0.025000
4 0.906250 0.450000 0.031250 0.025000
4 0.862500 0.450000 0.043750 0.025000
4 0.809375 0.447917 0.043750 0.029167
4 0.759375 0.450000 0.037500 0.025000
4 0.703125 0.447917 0.043750 0.029167
4 0.545312 0.712500 0.021875 0.050000
4 0.589063 0.710417 0.021875 0.045833
