4 0.208594 0.554630 0.028646 0.020370
4 0.266146 0.602778 0.029167 0.024074
4 0.457031 0.021759 0.013021 0.041667
4 0.427865 0.144444 0.011979 0.050000
4 0.456771 0.091204 0.014583 0.047222
4 0.475781 0.407870 0.021354 0.050926
4 0.574219 0.544907 0.029687 0.030556
4 0.742188 0.453241 0.026042 0.023148
4 0.841146 0.405556 0.025000 0.024074
4 0.959115 0.407407 0.027604 0.025926
4 0.513021 0.731944 0.011458 0.047222
4 0.512760 0.796296 0.013021 0.051852
4 0.539062 0.728241 0.012500 0.049074
4 0.538281 0.791667 0.015104 0.044444
