4 0.220312 0.550000 0.046875 0.025000
4 0.282813 0.547917 0.046875 0.029167
4 0.223438 0.591667 0.053125 0.025000
4 0.284375 0.595833 0.050000 0.025000
4 0.406250 0.058333 0.025000 0.033333
4 0.448437 0.062500 0.021875 0.033333
4 0.406250 0.108333 0.031250 0.050000
4 0.406250 0.164583 0.025000 0.045833
4 0.406250 0.225000 0.025000 0.050000
4 0.404687 0.283333 0.028125 0.050000
4 0.446875 0.112500 0.025000 0.050000
4 0.450000 0.225000 0.025000 0.050000
4 0.450000 0.289583 0.031250 0.054167
4 0.540625 0.114583 0.025000 0.054167
4 0.543750 0.239583 0.025000 0.054167
4 0.546875 0.302083 0.031250 0.062500
4 0.545312 0.375000 0.028125 0.066667
4 0.545312 0.441667 0.028125 0.058333
4 0.545312 0.504167 0.028125 0.066667
4 0.582812 0.077083 0.021875 0.054167
4 0.584375 0.170833 0.031250 0.066667
4 0.584375 0.235417 0.031250 0.062500
4 0.585938 0.293750 0.034375 0.054167
4 0.585938 0.354167 0.034375 0.066667
4 0.589063 0.489583 0.034375 0.070833
4 0.696875 0.406250 0.050000 0.037500
4 0.750000 0.406250 0.050000 0.037500
4 0.801562 0.410417 0.046875 0.037500
4 0.848437 0.412500 0.046875 0.033333
4 0.890625 0.412500 0.050000 0.033333
4 0.940625 0.414583 0.043750 0.037500
4 0.982812 0.414583 0.034375 0.029167
4 0.704688 0.450000 0.040625 0.025000
4 0.803125 0.583333 0.062500 0.025000
