4 0.543750 0.425000 0.025000 0.058333
4 0.703125 0.408333 0.043750 0.016667
4 0.745313 0.404167 0.040625 0.025000
4 0.795312 0.410417 0.040625 0.029167
4 0.839063 0.406250 0.040625 0.029167
4 0.892188 0.410417 0.040625 0.029167
4 0.704688 0.447917 0.040625 0.020833
4 0.756250 0.450000 0.037500 0.025000
4 0.800000 0.450000 0.037500 0.025000
4 0.850000 0.450000 0.037500 0.025000
4 0.018750 0.545833 0.031250 0.025000
4 0.064062 0.547917 0.040625 0.029167
4 0.120313 0.547917 0.040625 0.029167
4 0.176563 0.547917 0.046875 0.029167
4 0.229687 0.545833 0.040625 0.033333
4 0.284375 0.550000 0.050000 0.033333
4 0.290625 0.593750 0.043750 0.020833
4 0.229687 0.595833 0.046875 0.025000
4 0.171875 0.595833 0.043750 0.025000
4 0.110937 0.595833 0.040625 0.025000
4 0.057813 0.593750 0.040625 0.020833
4 0.015625 0.589583 0.025000 0.029167
