4 0.385937 0.450000 0.059375 0.033333
4 0.418750 0.589583 0.056250 0.037500
4 0.657813 0.447917 0.053125 0.029167
4 0.704688 0.547917 0.059375 0.020833
4 0.665625 0.589583 0.062500 0.029167
4 0.935937 0.539583 0.046875 0.020833
4 0.451562 0.225000 0.021875 0.041667
4 0.451562 0.283333 0.021875 0.050000
4 0.401562 0.283333 0.028125 0.050000
4 0.403125 0.218750 0.025000 0.037500
4 0.404687 0.164583 0.021875 0.045833
4 0.407813 0.104167 0.028125 0.041667
4 0.404687 0.058333 0.028125 0.033333
4 0.448437 0.062500 0.021875 0.041667
4 0.450000 0.114583 0.018750 0.045833
4 0.548438 0.714583 0.028125 0.054167
4 0.590625 0.708333 0.025000 0.050000
4 0.589063 0.775000 0.021875 0.058333
4 0.546875 0.775000 0.031250 0.050000
4 0.550000 0.837500 0.025000 0.050000
4 0.589063 0.831250 0.028125 0.054167
4 0.551562 0.897917 0.021875 0.045833
4 0.593750 0.889583 0.025000 0.045833
4 0.589063 0.931250 0.028125 0.045833
4 0.553125 0.941667 0.025000 0.033333
