4 0.010677 0.553241 0.020313 0.025000
4 0.044271 0.556481 0.032292 0.025926
4 0.080729 0.557870 0.032292 0.025000
4 0.112760 0.556944 0.027604 0.025000
4 0.145052 0.556944 0.027604 0.026852
4 0.178646 0.558333 0.026042 0.022222
4 0.215625 0.558333 0.029167 0.022222
4 0.252865 0.556944 0.025521 0.025000
4 0.288281 0.557870 0.030729 0.021296
4 0.325521 0.556944 0.026042 0.025000
4 0.362240 0.556944 0.025521 0.025000
4 0.034635 0.603241 0.029687 0.023148
4 0.071615 0.604167 0.026562 0.023148
4 0.107813 0.604167 0.028125 0.021296
4 0.142187 0.606481 0.027083 0.022222
4 0.177604 0.604630 0.027083 0.022222
4 0.210156 0.606481 0.027604 0.022222
4 0.248958 0.606481 0.027083 0.022222
4 0.285677 0.604167 0.028646 0.021296
4 0.321354 0.604630 0.026042 0.025926
4 0.357812 0.604167 0.025000 0.023148
4 0.428385 0.087963 0.011979 0.046296
4 0.457031 0.293519 0.014063 0.048148
4 0.428125 0.540741 0.013542 0.050000
4 0.428385 0.613889 0.016146 0.051852
4 0.428906 0.688889 0.015104 0.051852
4 0.428125 0.763426 0.015625 0.049074
4 0.613542 0.406481 0.030208 0.027778
4 0.646875 0.405093 0.027083 0.023148
4 0.684635 0.406944 0.029687 0.025000
4 0.720052 0.404167 0.028646 0.021296
4 0.757552 0.405556 0.029687 0.024074
4 0.794792 0.405093 0.027083 0.019444
4 0.829948 0.407407 0.027604 0.025926
4 0.866927 0.407870 0.027604 0.026852
4 0.903125 0.404167 0.029167 0.023148
4 0.939323 0.406019 0.030729 0.023148
4 0.977604 0.403704 0.029167 0.022222
4 0.611458 0.450000 0.028125 0.022222
4 0.647396 0.452778 0.026042 0.020370
4 0.682813 0.453241 0.029167 0.023148
4 0.720052 0.452778 0.028646 0.020370
4 0.753385 0.452778 0.027604 0.022222
4 0.788542 0.450463 0.027083 0.019444
4 0.818229 0.451389 0.029167 0.025000
4 0.853125 0.452778 0.029167 0.022222
4 0.888021 0.453704 0.026042 0.020370
4 0.922656 0.453704 0.028646 0.020370
4 0.958333 0.452778 0.029167 0.022222
4 0.989583 0.451389 0.020833 0.021296
4 0.513281 0.732870 0.015104 0.045370
4 0.539323 0.729167 0.015104 0.045370
4 0.511198 0.786111 0.014063 0.050000
4 0.539323 0.797222 0.015104 0.048148
4 0.513802 0.855093 0.016146 0.050926
4 0.540625 0.855556 0.014583 0.048148
4 0.513021 0.912500 0.014583 0.047222
4 0.540885 0.909259 0.014063 0.046296
4 0.513542 0.973611 0.013542 0.047222
4 0.538021 0.971759 0.014583 0.050926
