4 0.015625 0.587500 0.025000 0.025000
4 0.228125 0.597917 0.056250 0.029167
4 0.284375 0.595833 0.050000 0.025000
4 0.406250 0.062500 0.025000 0.033333
4 0.448437 0.060417 0.021875 0.037500
4 0.406250 0.106250 0.031250 0.054167
4 0.446875 0.110417 0.025000 0.054167
4 0.404687 0.162500 0.028125 0.050000
4 0.406250 0.214583 0.031250 0.054167
4 0.451562 0.225000 0.034375 0.050000
4 0.403125 0.279167 0.025000 0.058333
4 0.448437 0.285417 0.028125 0.054167
4 0.696875 0.408333 0.043750 0.033333
4 0.751563 0.408333 0.040625 0.033333
4 0.704688 0.450000 0.040625 0.033333
4 0.742188 0.547917 0.053125 0.029167
4 0.803125 0.543750 0.043750 0.029167
4 0.864062 0.541667 0.040625 0.025000
4 0.915625 0.539583 0.037500 0.029167
4 0.973437 0.539583 0.034375 0.020833
4 0.948438 0.575000 0.034375 0.025000
4 0.546875 0.716667 0.025000 0.058333
4 0.590625 0.710417 0.031250 0.054167
4 0.548438 0.775000 0.034375 0.050000
4 0.589063 0.772917 0.028125 0.054167
4 0.548438 0.835417 0.028125 0.054167
4 0.590625 0.831250 0.031250 0.054167
4 0.550000 0.895833 0.031250 0.050000
4 0.592187 0.887500 0.028125 0.050000
4 0.548438 0.943750 0.034375 0.029167
4 0.587500 0.935417 0.025000 0.037500
