4 0.451562 0.068750 0.021875 0.045833
4 0.451562 0.116667 0.021875 0.041667
4 0.451562 0.166667 0.028125 0.041667
4 0.450000 0.227083 0.025000 0.045833
4 0.450000 0.283333 0.025000 0.050000
4 0.404687 0.170833 0.028125 0.050000
4 0.404687 0.229167 0.028125 0.050000
4 0.406250 0.287500 0.025000 0.050000
4 0.182812 0.591667 0.053125 0.033333
4 0.390625 0.595833 0.050000 0.025000
4 0.384375 0.547917 0.043750 0.029167
4 0.446875 0.547917 0.043750 0.029167
4 0.420312 0.689583 0.034375 0.045833
4 0.546875 0.708333 0.018750 0.041667
4 0.590625 0.710417 0.018750 0.037500
4 0.543750 0.766667 0.018750 0.041667
4 0.592187 0.764583 0.021875 0.045833
4 0.592187 0.814583 0.021875 0.054167
4 0.546875 0.822917 0.018750 0.045833
4 0.548438 0.883333 0.021875 0.050000
4 0.546875 0.937500 0.025000 0.033333
4 0.589063 0.875000 0.028125 0.050000
4 0.590625 0.935417 0.031250 0.037500
