4 0.406250 0.104167 0.025000 0.066667
4 0.585938 0.389583 0.040625 0.062500
4 0.017188 0.545833 0.028125 0.025000
4 0.059375 0.545833 0.043750 0.033333
4 0.107813 0.545833 0.046875 0.025000
4 0.167187 0.547917 0.046875 0.029167
4 0.228125 0.547917 0.050000 0.029167
4 0.292187 0.547917 0.040625 0.029167
4 0.014063 0.587500 0.021875 0.025000
4 0.054688 0.587500 0.040625 0.025000
4 0.106250 0.589583 0.043750 0.029167
4 0.165625 0.591667 0.050000 0.025000
4 0.223438 0.593750 0.046875 0.029167
4 0.706250 0.404167 0.050000 0.033333
4 0.759375 0.406250 0.043750 0.029167
4 0.815625 0.410417 0.056250 0.029167
4 0.867188 0.410417 0.040625 0.020833
4 0.910937 0.410417 0.040625 0.029167
4 0.957812 0.414583 0.040625 0.029167
4 0.990625 0.416667 0.018750 0.025000
4 0.703125 0.447917 0.037500 0.029167
4 0.757812 0.450000 0.053125 0.025000
4 0.812500 0.450000 0.050000 0.025000
4 0.862500 0.452083 0.043750 0.020833
4 0.907813 0.450000 0.040625 0.025000
4 0.951562 0.452083 0.034375 0.020833
4 0.987500 0.454167 0.025000 0.016667
4 0.404687 0.856250 0.028125 0.070833
4 0.451562 0.879167 0.021875 0.066667
4 0.550000 0.781250 0.025000 0.062500
