4 0.023438 0.545833 0.040625 0.025000
4 0.065625 0.547917 0.043750 0.029167
4 0.112500 0.547917 0.050000 0.037500
4 0.171875 0.550000 0.056250 0.033333
4 0.234375 0.554167 0.050000 0.033333
4 0.287500 0.547917 0.050000 0.029167
4 0.015625 0.591667 0.025000 0.025000
4 0.057813 0.587500 0.034375 0.033333
4 0.112500 0.591667 0.050000 0.025000
4 0.164062 0.593750 0.053125 0.029167
4 0.225000 0.593750 0.050000 0.029167
4 0.284375 0.593750 0.050000 0.020833
4 0.403125 0.208333 0.018750 0.050000
4 0.709375 0.404167 0.043750 0.025000
4 0.762500 0.408333 0.043750 0.025000
4 0.815625 0.406250 0.043750 0.020833
4 0.865625 0.410417 0.037500 0.020833
4 0.912500 0.410417 0.031250 0.020833
4 0.951562 0.410417 0.034375 0.020833
4 0.990625 0.414583 0.018750 0.029167
4 0.987500 0.454167 0.025000 0.025000
4 0.706250 0.450000 0.050000 0.025000
4 0.756250 0.450000 0.050000 0.025000
4 0.807813 0.450000 0.046875 0.025000
4 0.859375 0.450000 0.043750 0.025000
4 0.906250 0.450000 0.043750 0.033333
4 0.948438 0.447917 0.040625 0.029167
4 0.453125 0.670833 0.025000 0.083333
4 0.453125 0.758333 0.025000 0.058333
4 0.546875 0.712500 0.031250 0.050000
4 0.546875 0.764583 0.031250 0.054167
4 0.548438 0.825000 0.028125 0.058333
4 0.545312 0.885417 0.028125 0.054167
4 0.545312 0.935417 0.028125 0.045833
4 0.592187 0.708333 0.021875 0.050000
4 0.590625 0.760417 0.025000 0.054167
4 0.589063 0.822917 0.021875 0.045833
4 0.589063 0.875000 0.021875 0.050000
4 0.592187 0.927083 0.028125 0.045833
