4 0.448437 0.191667 0.021875 0.058333
4 0.157812 0.406250 0.053125 0.037500
4 0.221875 0.404167 0.050000 0.025000
4 0.282813 0.402083 0.053125 0.029167
4 0.373437 0.404167 0.059375 0.025000
4 0.440625 0.404167 0.056250 0.025000
4 0.504687 0.402083 0.053125 0.037500
4 0.568750 0.402083 0.050000 0.037500
4 0.642188 0.402083 0.065625 0.037500
4 0.704688 0.406250 0.053125 0.029167
4 0.759375 0.408333 0.050000 0.033333
4 0.820312 0.410417 0.046875 0.037500
4 0.873437 0.410417 0.040625 0.029167
4 0.921875 0.410417 0.043750 0.029167
4 0.965625 0.412500 0.037500 0.033333
4 0.159375 0.450000 0.043750 0.025000
4 0.215625 0.447917 0.050000 0.020833
4 0.279687 0.452083 0.065625 0.029167
4 0.365625 0.452083 0.068750 0.029167
4 0.067187 0.547917 0.059375 0.029167
4 0.206250 0.547917 0.050000 0.029167
4 0.270313 0.550000 0.071875 0.025000
4 0.342187 0.554167 0.059375 0.033333
4 0.400000 0.550000 0.050000 0.033333
4 0.464062 0.550000 0.065625 0.033333
4 0.532813 0.547917 0.065625 0.029167
4 0.598437 0.547917 0.053125 0.029167
4 0.659375 0.545833 0.062500 0.033333
4 0.720313 0.545833 0.053125 0.033333
4 0.784375 0.543750 0.056250 0.029167
4 0.390625 0.595833 0.062500 0.025000
4 0.456250 0.595833 0.056250 0.025000
4 0.525000 0.593750 0.056250 0.029167
4 0.595313 0.593750 0.059375 0.029167
4 0.659375 0.589583 0.056250 0.029167
4 0.721875 0.589583 0.062500 0.029167
4 0.851562 0.585417 0.053125 0.029167
