4 0.054688 0.547917 0.059375 0.029167
4 0.112500 0.547917 0.050000 0.029167
4 0.168750 0.545833 0.056250 0.033333
4 0.225000 0.543750 0.050000 0.029167
4 0.285938 0.547917 0.053125 0.029167
4 0.054688 0.589583 0.065625 0.037500
4 0.112500 0.589583 0.050000 0.029167
4 0.165625 0.593750 0.056250 0.029167
4 0.226562 0.593750 0.059375 0.029167
4 0.256250 0.577083 0.000000 0.004167
4 0.284375 0.593750 0.056250 0.029167
4 0.700000 0.408333 0.050000 0.033333
4 0.750000 0.406250 0.043750 0.029167
4 0.806250 0.410417 0.050000 0.029167
4 0.850000 0.408333 0.037500 0.033333
4 0.893750 0.412500 0.043750 0.033333
4 0.942187 0.414583 0.040625 0.029167
4 0.982812 0.416667 0.034375 0.033333
4 0.704688 0.450000 0.040625 0.033333
4 0.762500 0.450000 0.050000 0.033333
4 0.820312 0.452083 0.034375 0.029167
4 0.546875 0.714583 0.025000 0.054167
4 0.589063 0.706250 0.028125 0.054167
4 0.589063 0.768750 0.028125 0.062500
4 0.546875 0.779167 0.025000 0.058333
4 0.548438 0.835417 0.021875 0.045833
4 0.546875 0.900000 0.025000 0.050000
4 0.592187 0.831250 0.028125 0.054167
