4 0.011979 0.556019 0.022917 0.025000
4 0.045573 0.555556 0.029687 0.022222
4 0.080990 0.554630 0.026562 0.022222
4 0.118229 0.556019 0.028125 0.021296
4 0.030208 0.602778 0.030208 0.020370
4 0.069010 0.603704 0.031771 0.022222
4 0.107031 0.602778 0.028646 0.024074
4 0.152083 0.557407 0.027083 0.024074
4 0.139844 0.603704 0.025521 0.020370
4 0.188281 0.555556 0.029687 0.022222
4 0.220312 0.556019 0.027083 0.026852
4 0.252604 0.557407 0.027083 0.025926
4 0.287760 0.556944 0.028646 0.023148
4 0.327083 0.559259 0.030208 0.027778
4 0.363281 0.558796 0.024479 0.023148
4 0.177604 0.604630 0.031250 0.022222
4 0.212500 0.603241 0.026042 0.021296
4 0.248438 0.606019 0.029167 0.019444
4 0.285156 0.606019 0.025521 0.019444
4 0.322396 0.603241 0.032292 0.025000
4 0.359375 0.604167 0.029167 0.021296
4 0.458854 0.142130 0.014583 0.045370
4 0.428125 0.878704 0.013542 0.050000
4 0.513281 0.510648 0.015104 0.049074
4 0.514844 0.570370 0.013021 0.044444
4 0.513281 0.639352 0.014063 0.043519
4 0.512500 0.704630 0.012500 0.042593
4 0.511719 0.772222 0.015104 0.044444
4 0.513542 0.828704 0.013542 0.048148
4 0.512760 0.899074 0.013021 0.046296
4 0.539844 0.475463 0.013021 0.041667
4 0.539062 0.566204 0.014583 0.045370
4 0.539844 0.634722 0.013021 0.039815
4 0.541927 0.693981 0.011979 0.041667
4 0.539323 0.756944 0.013021 0.041667
4 0.539323 0.817130 0.013021 0.043519
4 0.614844 0.404167 0.026562 0.021296
4 0.650521 0.405093 0.026042 0.021296
4 0.687760 0.405093 0.025521 0.021296
4 0.723177 0.407870 0.026562 0.025000
4 0.759896 0.406481 0.025000 0.018519
4 0.792708 0.403241 0.027083 0.019444
4 0.828385 0.406944 0.025521 0.019444
4 0.861198 0.405556 0.025521 0.020370
4 0.896354 0.406481 0.025000 0.022222
4 0.930208 0.404630 0.023958 0.020370
4 0.963802 0.403704 0.023438 0.016667
4 0.610677 0.451852 0.025521 0.025926
4 0.646094 0.453241 0.027604 0.019444
4 0.680990 0.452315 0.027604 0.021296
4 0.718229 0.452315 0.027083 0.023148
4 0.752865 0.454167 0.026562 0.021296
4 0.786458 0.453241 0.028125 0.021296
4 0.822917 0.454630 0.027083 0.022222
4 0.856510 0.452778 0.025521 0.022222
4 0.885417 0.452315 0.023958 0.017593
4 0.918750 0.454167 0.030208 0.023148
4 0.954948 0.452315 0.024479 0.017593
4 0.987760 0.455093 0.024479 0.025000
