4 0.403125 0.147917 0.025000 0.054167
4 0.401562 0.491667 0.034375 0.058333
4 0.292187 0.550000 0.046875 0.033333
4 0.110937 0.589583 0.046875 0.029167
4 0.168750 0.589583 0.043750 0.029167
4 0.225000 0.589583 0.062500 0.029167
4 0.285938 0.587500 0.053125 0.033333
4 0.707812 0.404167 0.053125 0.033333
4 0.760938 0.408333 0.053125 0.033333
4 0.818750 0.408333 0.050000 0.033333
4 0.867188 0.410417 0.040625 0.029167
4 0.909375 0.412500 0.043750 0.033333
4 0.953125 0.416667 0.043750 0.033333
4 0.701562 0.445833 0.046875 0.033333
4 0.751563 0.450000 0.053125 0.033333
4 0.809375 0.450000 0.056250 0.033333
4 0.875000 0.447917 0.050000 0.029167
4 0.546875 0.708333 0.031250 0.050000
4 0.589063 0.706250 0.028125 0.054167
4 0.548438 0.766667 0.034375 0.058333
4 0.590625 0.766667 0.025000 0.058333
4 0.592187 0.822917 0.021875 0.054167
4 0.592187 0.902083 0.021875 0.070833
