4 0.451562 0.064583 0.021875 0.045833
4 0.451562 0.112500 0.028125 0.050000
4 0.404687 0.162500 0.028125 0.050000
4 0.407813 0.222917 0.028125 0.045833
4 0.400000 0.281250 0.025000 0.054167
4 0.448437 0.225000 0.028125 0.050000
4 0.451562 0.285417 0.021875 0.054167
4 0.406250 0.404167 0.056250 0.033333
4 0.343750 0.404167 0.062500 0.033333
4 0.271875 0.404167 0.068750 0.033333
4 0.204687 0.402083 0.065625 0.029167
4 0.134375 0.402083 0.068750 0.037500
4 0.065625 0.406250 0.050000 0.029167
4 0.018750 0.412500 0.031250 0.033333
4 0.014063 0.452083 0.021875 0.020833
4 0.057813 0.452083 0.059375 0.029167
4 0.123438 0.452083 0.046875 0.029167
4 0.192188 0.447917 0.040625 0.029167
4 0.254688 0.452083 0.059375 0.029167
4 0.321875 0.450000 0.068750 0.025000
4 0.404687 0.452083 0.059375 0.029167
4 0.456250 0.593750 0.062500 0.045833
4 0.525000 0.595833 0.062500 0.041667
4 0.595313 0.593750 0.065625 0.037500
4 0.635938 0.550000 0.065625 0.025000
4 0.701562 0.547917 0.053125 0.029167
4 0.667188 0.595833 0.046875 0.033333
4 0.815625 0.585417 0.056250 0.020833
4 0.945312 0.579167 0.034375 0.016667
4 0.934375 0.539583 0.037500 0.029167
4 0.978125 0.539583 0.043750 0.020833
4 0.890625 0.541667 0.043750 0.033333
4 0.818750 0.541667 0.031250 0.025000
4 0.548438 0.716667 0.028125 0.058333
4 0.589063 0.710417 0.028125 0.054167
4 0.589063 0.777083 0.034375 0.054167
4 0.551562 0.835417 0.034375 0.062500
4 0.596875 0.839583 0.031250 0.054167
