4 0.875260 0.450926 0.026562 0.020370
4 0.708854 0.559259 0.027083 0.020370
4 0.525521 0.556481 0.025000 0.018519
4 0.214844 0.605556 0.026562 0.018519
4 0.428646 0.021759 0.012500 0.041667
4 0.457292 0.025000 0.012500 0.048148
4 0.428125 0.083796 0.012500 0.047222
4 0.456510 0.080556 0.010937 0.046296
4 0.428125 0.150926 0.012500 0.046296
4 0.457552 0.147222 0.011979 0.050000
4 0.428385 0.215741 0.013021 0.046296
4 0.457813 0.211574 0.013542 0.049074
4 0.427865 0.278704 0.011979 0.044444
4 0.458073 0.278704 0.013021 0.046296
4 0.513802 0.728241 0.014063 0.043519
4 0.539844 0.727778 0.013021 0.044444
4 0.512760 0.788426 0.016146 0.041667
4 0.539062 0.789815 0.014583 0.042593
4 0.513281 0.851852 0.014063 0.046296
4 0.541146 0.846296 0.013542 0.048148
4 0.514062 0.915741 0.013542 0.046296
4 0.539583 0.915278 0.012500 0.049074
4 0.513542 0.977778 0.012500 0.044444
4 0.540104 0.978704 0.011458 0.040741
