4 0.110937 0.447917 0.053125 0.029167
4 0.451562 0.064583 0.021875 0.037500
4 0.401562 0.231250 0.021875 0.045833
4 0.401562 0.287500 0.028125 0.050000
4 0.451562 0.116667 0.021875 0.041667
4 0.450000 0.170833 0.025000 0.050000
4 0.450000 0.225000 0.025000 0.050000
4 0.446875 0.287500 0.025000 0.050000
4 0.287500 0.547917 0.043750 0.029167
4 0.225000 0.591667 0.043750 0.033333
4 0.284375 0.595833 0.043750 0.033333
4 0.545312 0.708333 0.021875 0.050000
4 0.543750 0.768750 0.025000 0.045833
4 0.546875 0.825000 0.018750 0.041667
4 0.548438 0.881250 0.021875 0.045833
4 0.546875 0.935417 0.025000 0.037500
4 0.590625 0.708333 0.025000 0.050000
4 0.592187 0.762500 0.021875 0.041667
4 0.593750 0.814583 0.018750 0.045833
