4 0.707812 0.404167 0.046875 0.033333
4 0.756250 0.406250 0.050000 0.029167
4 0.807813 0.408333 0.046875 0.025000
4 0.857812 0.408333 0.053125 0.025000
4 0.910937 0.408333 0.046875 0.033333
4 0.953125 0.416667 0.037500 0.025000
4 0.987500 0.414583 0.025000 0.020833
4 0.703125 0.445833 0.043750 0.025000
4 0.757812 0.450000 0.046875 0.025000
4 0.806250 0.450000 0.043750 0.033333
4 0.857812 0.445833 0.053125 0.025000
4 0.904687 0.447917 0.040625 0.029167
4 0.945312 0.450000 0.040625 0.025000
4 0.984375 0.450000 0.031250 0.025000
4 0.015625 0.545833 0.025000 0.025000
4 0.057813 0.547917 0.040625 0.029167
4 0.114062 0.547917 0.040625 0.029167
4 0.175000 0.550000 0.056250 0.033333
4 0.229687 0.552083 0.053125 0.029167
4 0.290625 0.547917 0.050000 0.029167
4 0.014063 0.591667 0.021875 0.025000
4 0.051562 0.595833 0.046875 0.025000
4 0.110937 0.595833 0.046875 0.025000
4 0.165625 0.593750 0.056250 0.029167
4 0.225000 0.593750 0.050000 0.029167
4 0.281250 0.593750 0.050000 0.029167
4 0.546875 0.714583 0.025000 0.045833
4 0.592187 0.714583 0.028125 0.054167
4 0.545312 0.764583 0.021875 0.054167
4 0.548438 0.827083 0.021875 0.062500
