4 0.404687 0.056250 0.028125 0.029167
4 0.406250 0.104167 0.025000 0.050000
4 0.406250 0.162500 0.031250 0.050000
4 0.404687 0.218750 0.028125 0.045833
4 0.406250 0.285417 0.025000 0.054167
4 0.446875 0.062500 0.025000 0.041667
4 0.451562 0.110417 0.028125 0.045833
4 0.456250 0.227083 0.031250 0.054167
4 0.453125 0.289583 0.031250 0.054167
4 0.029687 0.587500 0.053125 0.033333
4 0.245312 0.545833 0.065625 0.033333
4 0.360938 0.591667 0.065625 0.033333
4 0.601562 0.450000 0.078125 0.033333
4 0.901563 0.410417 0.059375 0.020833
4 0.548438 0.712500 0.034375 0.058333
4 0.592187 0.712500 0.028125 0.058333
4 0.551562 0.777083 0.028125 0.054167
4 0.550000 0.839583 0.031250 0.054167
4 0.550000 0.902083 0.031250 0.054167
4 0.590625 0.772917 0.025000 0.062500
4 0.590625 0.833333 0.031250 0.050000
4 0.592187 0.887500 0.028125 0.041667
4 0.595313 0.935417 0.040625 0.045833
