4 0.704688 0.404167 0.053125 0.033333
4 0.753125 0.404167 0.050000 0.033333
4 0.814063 0.408333 0.059375 0.033333
4 0.862500 0.410417 0.043750 0.029167
4 0.914062 0.412500 0.046875 0.033333
4 0.956250 0.414583 0.037500 0.029167
4 0.990625 0.416667 0.018750 0.025000
4 0.704688 0.452083 0.053125 0.029167
4 0.762500 0.454167 0.043750 0.025000
4 0.807813 0.450000 0.040625 0.033333
4 0.906250 0.450000 0.043750 0.025000
4 0.954688 0.452083 0.034375 0.029167
4 0.989062 0.452083 0.021875 0.020833
4 0.017188 0.547917 0.028125 0.029167
4 0.015625 0.587500 0.025000 0.033333
4 0.059375 0.547917 0.043750 0.037500
4 0.117188 0.545833 0.053125 0.033333
4 0.170313 0.547917 0.034375 0.029167
4 0.229687 0.547917 0.059375 0.029167
4 0.289062 0.547917 0.040625 0.029167
4 0.285938 0.595833 0.053125 0.033333
4 0.221875 0.593750 0.050000 0.029167
4 0.162500 0.591667 0.050000 0.033333
4 0.109375 0.591667 0.050000 0.025000
4 0.057813 0.593750 0.046875 0.029167
4 0.401562 0.514583 0.028125 0.062500
4 0.401562 0.589583 0.034375 0.070833
4 0.450000 0.606250 0.031250 0.070833
4 0.587500 0.635417 0.025000 0.070833
4 0.589063 0.750000 0.028125 0.066667
4 0.585938 0.897917 0.028125 0.062500
