4 0.015625 0.587500 0.025000 0.025000
4 0.065625 0.545833 0.050000 0.033333
4 0.115625 0.550000 0.050000 0.033333
4 0.171875 0.547917 0.050000 0.037500
4 0.235937 0.547917 0.053125 0.029167
4 0.289062 0.547917 0.040625 0.029167
4 0.056250 0.587500 0.050000 0.025000
4 0.110937 0.587500 0.053125 0.033333
4 0.164062 0.593750 0.053125 0.029167
4 0.223438 0.595833 0.053125 0.033333
4 0.282813 0.593750 0.053125 0.029167
4 0.709375 0.402083 0.050000 0.029167
4 0.764062 0.404167 0.053125 0.033333
4 0.818750 0.406250 0.050000 0.037500
4 0.865625 0.410417 0.043750 0.037500
4 0.912500 0.412500 0.043750 0.033333
4 0.951562 0.410417 0.040625 0.029167
4 0.704688 0.450000 0.046875 0.025000
4 0.760938 0.447917 0.046875 0.029167
4 0.810937 0.450000 0.053125 0.025000
4 0.864062 0.447917 0.040625 0.029167
4 0.906250 0.452083 0.037500 0.029167
4 0.946875 0.450000 0.043750 0.033333
4 0.546875 0.712500 0.025000 0.050000
4 0.592187 0.702083 0.028125 0.054167
4 0.548438 0.764583 0.021875 0.054167
4 0.546875 0.822917 0.031250 0.045833
4 0.546875 0.885417 0.031250 0.054167
4 0.590625 0.764583 0.025000 0.054167
4 0.592187 0.818750 0.028125 0.054167
4 0.592187 0.872917 0.021875 0.054167
4 0.590625 0.925000 0.025000 0.050000
