4 0.357812 0.404167 0.040625 0.025000
4 0.592187 0.408333 0.059375 0.025000
4 0.534375 0.404167 0.037500 0.025000
4 0.470313 0.408333 0.059375 0.025000
4 0.414062 0.402083 0.040625 0.020833
4 0.335938 0.447917 0.053125 0.020833
4 0.403125 0.447917 0.043750 0.020833
4 0.456250 0.450000 0.043750 0.025000
4 0.518750 0.450000 0.050000 0.016667
4 0.576562 0.450000 0.040625 0.025000
4 0.287500 0.550000 0.043750 0.025000
4 0.318750 0.593750 0.037500 0.020833
4 0.368750 0.547917 0.037500 0.020833
4 0.432812 0.552083 0.034375 0.020833
4 0.485938 0.550000 0.040625 0.016667
4 0.551562 0.543750 0.053125 0.020833
4 0.607812 0.545833 0.040625 0.016667
4 0.673438 0.547917 0.046875 0.020833
4 0.651563 0.593750 0.053125 0.020833
4 0.581250 0.591667 0.062500 0.025000
4 0.520312 0.593750 0.053125 0.020833
4 0.457813 0.591667 0.046875 0.025000
4 0.395313 0.593750 0.059375 0.029167
4 0.548438 0.710417 0.021875 0.037500
4 0.590625 0.712500 0.025000 0.041667
4 0.543750 0.766667 0.025000 0.041667
