4 0.404687 0.181250 0.028125 0.062500
4 0.707812 0.406250 0.053125 0.029167
4 0.753125 0.406250 0.043750 0.029167
4 0.812500 0.406250 0.037500 0.029167
4 0.860938 0.410417 0.040625 0.029167
4 0.910937 0.408333 0.034375 0.025000
4 0.956250 0.412500 0.031250 0.025000
4 0.706250 0.447917 0.056250 0.029167
4 0.759375 0.450000 0.037500 0.025000
4 0.809375 0.450000 0.043750 0.025000
4 0.860938 0.452083 0.040625 0.029167
4 0.906250 0.450000 0.037500 0.025000
4 0.948438 0.450000 0.040625 0.033333
4 0.985938 0.450000 0.028125 0.025000
4 0.115625 0.550000 0.043750 0.025000
4 0.173437 0.547917 0.046875 0.029167
4 0.229687 0.552083 0.046875 0.029167
4 0.290625 0.547917 0.043750 0.029167
4 0.282813 0.593750 0.046875 0.029167
4 0.220312 0.597917 0.046875 0.020833
4 0.165625 0.593750 0.050000 0.020833
4 0.453125 0.631250 0.025000 0.045833
4 0.546875 0.712500 0.025000 0.050000
4 0.590625 0.716667 0.025000 0.050000
