4 0.404687 0.058333 0.021875 0.033333
4 0.448437 0.060417 0.028125 0.037500
4 0.407813 0.104167 0.028125 0.050000
4 0.451562 0.110417 0.021875 0.054167
4 0.404687 0.160417 0.021875 0.054167
4 0.403125 0.218750 0.018750 0.054167
4 0.448437 0.225000 0.028125 0.041667
4 0.403125 0.281250 0.025000 0.062500
4 0.453125 0.285417 0.031250 0.062500
4 0.695312 0.410417 0.046875 0.029167
4 0.750000 0.408333 0.043750 0.025000
4 0.021875 0.545833 0.037500 0.033333
4 0.062500 0.545833 0.050000 0.033333
4 0.110937 0.545833 0.046875 0.033333
4 0.181250 0.547917 0.050000 0.029167
4 0.240625 0.547917 0.056250 0.037500
4 0.309375 0.550000 0.043750 0.025000
4 0.096875 0.589583 0.062500 0.029167
4 0.165625 0.591667 0.056250 0.033333
4 0.221875 0.589583 0.050000 0.029167
4 0.282813 0.593750 0.053125 0.029167
4 0.350000 0.608333 0.062500 0.050000
4 0.371875 0.550000 0.056250 0.025000
4 0.420312 0.595833 0.065625 0.025000
4 0.440625 0.552083 0.068750 0.037500
4 0.540625 0.547917 0.068750 0.029167
4 0.606250 0.550000 0.050000 0.025000
4 0.556250 0.589583 0.068750 0.029167
4 0.415625 0.718750 0.025000 0.062500
4 0.417187 0.875000 0.021875 0.058333
4 0.415625 0.943750 0.025000 0.037500
4 0.546875 0.714583 0.025000 0.054167
4 0.590625 0.710417 0.025000 0.054167
4 0.546875 0.775000 0.025000 0.058333
4 0.589063 0.766667 0.028125 0.066667
4 0.546875 0.835417 0.031250 0.054167
4 0.589063 0.833333 0.028125 0.050000
4 0.550000 0.897917 0.031250 0.054167
4 0.592187 0.889583 0.028125 0.045833
4 0.551562 0.945833 0.021875 0.025000
4 0.589063 0.937500 0.028125 0.033333
4 0.670312 0.550000 0.059375 0.033333
4 0.731250 0.543750 0.056250 0.029167
4 0.795312 0.541667 0.053125 0.025000
4 0.803125 0.581250 0.056250 0.020833
4 0.987500 0.450000 0.025000 0.025000
