4 0.704688 0.404167 0.046875 0.033333
4 0.756250 0.406250 0.037500 0.020833
4 0.810937 0.408333 0.040625 0.025000
4 0.700000 0.445833 0.050000 0.025000
4 0.864062 0.447917 0.046875 0.020833
4 0.920312 0.452083 0.040625 0.020833
4 0.289062 0.545833 0.040625 0.025000
4 0.221875 0.591667 0.043750 0.025000
4 0.281250 0.593750 0.043750 0.020833
4 0.401562 0.062500 0.021875 0.041667
4 0.401562 0.118750 0.021875 0.037500
4 0.403125 0.172917 0.025000 0.045833
4 0.404687 0.231250 0.028125 0.045833
4 0.403125 0.287500 0.025000 0.041667
4 0.450000 0.064583 0.025000 0.037500
4 0.448437 0.112500 0.021875 0.050000
4 0.453125 0.168750 0.025000 0.045833
4 0.451562 0.227083 0.021875 0.045833
4 0.451562 0.285417 0.021875 0.054167
