4 0.446875 0.147917 0.025000 0.045833
4 0.448437 0.197917 0.021875 0.045833
4 0.707812 0.402083 0.046875 0.029167
4 0.762500 0.404167 0.050000 0.033333
4 0.817187 0.408333 0.053125 0.025000
4 0.864062 0.406250 0.046875 0.037500
4 0.910937 0.410417 0.040625 0.029167
4 0.954688 0.412500 0.040625 0.025000
4 0.707812 0.447917 0.046875 0.029167
4 0.759375 0.447917 0.043750 0.029167
4 0.807813 0.445833 0.053125 0.033333
4 0.860938 0.443750 0.040625 0.029167
4 0.904687 0.450000 0.040625 0.033333
4 0.948438 0.452083 0.034375 0.029167
4 0.987500 0.450000 0.025000 0.025000
4 0.021875 0.545833 0.037500 0.025000
4 0.064062 0.545833 0.046875 0.033333
4 0.114062 0.552083 0.046875 0.037500
4 0.168750 0.547917 0.056250 0.037500
4 0.231250 0.547917 0.050000 0.037500
4 0.289062 0.550000 0.046875 0.033333
4 0.014063 0.589583 0.021875 0.029167
4 0.057813 0.585417 0.040625 0.029167
4 0.112500 0.589583 0.050000 0.029167
4 0.168750 0.589583 0.043750 0.029167
4 0.223438 0.595833 0.046875 0.025000
4 0.282813 0.595833 0.046875 0.025000
4 0.548438 0.710417 0.028125 0.054167
4 0.590625 0.706250 0.025000 0.054167
4 0.550000 0.764583 0.031250 0.054167
4 0.589063 0.762500 0.028125 0.050000
4 0.592187 0.822917 0.021875 0.045833
4 0.592187 0.875000 0.021875 0.058333
4 0.590625 0.927083 0.025000 0.045833
4 0.550000 0.827083 0.025000 0.054167
4 0.545312 0.887500 0.028125 0.058333
4 0.548438 0.939583 0.028125 0.037500
