4 0.631250 0.406250 0.062500 0.020833
4 0.643750 0.447917 0.062500 0.020833
4 0.703125 0.408333 0.050000 0.025000
4 0.754687 0.408333 0.040625 0.025000
4 0.800000 0.406250 0.037500 0.020833
4 0.850000 0.410417 0.050000 0.020833
4 0.900000 0.410417 0.037500 0.020833
4 0.946875 0.410417 0.037500 0.020833
4 0.985938 0.410417 0.028125 0.020833
4 0.704688 0.450000 0.046875 0.025000
4 0.759375 0.450000 0.050000 0.025000
4 0.351562 0.547917 0.059375 0.029167
4 0.012500 0.547917 0.018750 0.029167
4 0.051562 0.543750 0.046875 0.029167
4 0.101562 0.547917 0.053125 0.029167
4 0.168750 0.550000 0.056250 0.025000
4 0.225000 0.552083 0.050000 0.029167
4 0.282813 0.552083 0.053125 0.029167
4 0.015625 0.587500 0.025000 0.025000
4 0.053125 0.589583 0.050000 0.020833
4 0.106250 0.591667 0.050000 0.025000
4 0.165625 0.593750 0.062500 0.020833
4 0.225000 0.591667 0.056250 0.025000
4 0.285938 0.593750 0.059375 0.020833
4 0.364063 0.595833 0.059375 0.025000
