4 0.406250 0.064583 0.025000 0.037500
4 0.404687 0.120833 0.028125 0.041667
4 0.401562 0.172917 0.028125 0.045833
4 0.401562 0.231250 0.028125 0.037500
4 0.401562 0.289583 0.021875 0.045833
4 0.450000 0.070833 0.018750 0.041667
4 0.451562 0.116667 0.021875 0.041667
4 0.453125 0.166667 0.018750 0.050000
4 0.451562 0.222917 0.021875 0.045833
4 0.450000 0.283333 0.025000 0.058333
4 0.457813 0.510417 0.053125 0.062500
4 0.589063 0.412500 0.021875 0.050000
4 0.584375 0.475000 0.025000 0.058333
4 0.164062 0.591667 0.046875 0.033333
4 0.225000 0.550000 0.050000 0.025000
4 0.289062 0.547917 0.046875 0.029167
4 0.225000 0.593750 0.043750 0.029167
4 0.284375 0.593750 0.043750 0.020833
4 0.706250 0.406250 0.043750 0.020833
4 0.757812 0.408333 0.046875 0.025000
4 0.810937 0.410417 0.040625 0.020833
4 0.862500 0.408333 0.037500 0.025000
4 0.703125 0.445833 0.043750 0.025000
4 0.762500 0.450000 0.037500 0.025000
4 0.807813 0.450000 0.040625 0.025000
4 0.860938 0.447917 0.034375 0.029167
4 0.904687 0.450000 0.034375 0.025000
4 0.950000 0.447917 0.031250 0.029167
4 0.987500 0.454167 0.025000 0.025000
