4 0.404687 0.197917 0.021875 0.054167
4 0.448437 0.456250 0.021875 0.070833
4 0.453125 0.562500 0.031250 0.058333
4 0.546875 0.710417 0.025000 0.054167
4 0.590625 0.714583 0.025000 0.054167
4 0.545312 0.893750 0.021875 0.062500
4 0.059375 0.545833 0.043750 0.033333
4 0.114062 0.545833 0.040625 0.025000
4 0.168750 0.543750 0.043750 0.020833
4 0.226562 0.550000 0.046875 0.025000
4 0.289062 0.547917 0.040625 0.029167
4 0.010937 0.589583 0.015625 0.020833
4 0.051562 0.591667 0.040625 0.025000
4 0.106250 0.591667 0.043750 0.025000
4 0.164062 0.591667 0.040625 0.025000
4 0.221875 0.593750 0.043750 0.029167
4 0.284375 0.595833 0.043750 0.025000
4 0.707812 0.404167 0.040625 0.025000
4 0.757812 0.406250 0.040625 0.020833
4 0.815625 0.408333 0.037500 0.025000
4 0.860938 0.408333 0.034375 0.025000
4 0.909375 0.410417 0.037500 0.020833
4 0.956250 0.414583 0.037500 0.020833
4 0.993750 0.414583 0.012500 0.020833
4 0.703125 0.443750 0.043750 0.029167
4 0.757812 0.445833 0.040625 0.025000
4 0.807813 0.445833 0.040625 0.025000
4 0.864062 0.450000 0.040625 0.025000
4 0.906250 0.450000 0.037500 0.025000
4 0.950000 0.452083 0.037500 0.029167
4 0.987500 0.452083 0.025000 0.020833
