4 0.446875 0.089583 0.025000 0.062500
4 0.448437 0.185417 0.021875 0.062500
4 0.590625 0.516667 0.062500 0.050000
4 0.856250 0.535417 0.056250 0.020833
4 0.709375 0.404167 0.043750 0.025000
4 0.760938 0.404167 0.046875 0.025000
4 0.817187 0.406250 0.046875 0.020833
4 0.867188 0.410417 0.040625 0.029167
4 0.910937 0.410417 0.034375 0.029167
4 0.954688 0.412500 0.040625 0.025000
4 0.989062 0.414583 0.021875 0.020833
4 0.704688 0.450000 0.040625 0.025000
4 0.759375 0.450000 0.043750 0.033333
4 0.806250 0.452083 0.043750 0.029167
4 0.860938 0.450000 0.040625 0.025000
4 0.906250 0.452083 0.037500 0.029167
4 0.951562 0.447917 0.046875 0.029167
4 0.989062 0.450000 0.021875 0.025000
4 0.021875 0.545833 0.037500 0.033333
4 0.065625 0.547917 0.043750 0.029167
4 0.112500 0.552083 0.050000 0.029167
4 0.168750 0.547917 0.056250 0.029167
4 0.234375 0.552083 0.050000 0.037500
4 0.292187 0.550000 0.046875 0.033333
4 0.015625 0.591667 0.025000 0.025000
4 0.056250 0.587500 0.043750 0.025000
4 0.110937 0.595833 0.053125 0.033333
4 0.162500 0.597917 0.050000 0.029167
4 0.221875 0.593750 0.050000 0.029167
4 0.282813 0.593750 0.053125 0.029167
4 0.546875 0.708333 0.025000 0.050000
4 0.548438 0.764583 0.028125 0.054167
4 0.546875 0.827083 0.025000 0.054167
4 0.546875 0.885417 0.025000 0.054167
4 0.545312 0.939583 0.028125 0.037500
4 0.589063 0.706250 0.028125 0.045833
4 0.590625 0.764583 0.025000 0.054167
4 0.589063 0.825000 0.021875 0.050000
4 0.587500 0.872917 0.031250 0.045833
4 0.592187 0.927083 0.021875 0.045833
