4 0.401562 0.410417 0.034375 0.079167
4 0.451562 0.377083 0.021875 0.070833
4 0.017188 0.545833 0.028125 0.025000
4 0.059375 0.545833 0.043750 0.033333
4 0.115625 0.547917 0.043750 0.029167
4 0.170313 0.550000 0.046875 0.025000
4 0.234375 0.547917 0.050000 0.029167
4 0.292187 0.550000 0.046875 0.025000
4 0.017188 0.591667 0.028125 0.033333
4 0.051562 0.591667 0.040625 0.025000
4 0.107813 0.593750 0.053125 0.020833
4 0.164062 0.595833 0.053125 0.025000
4 0.225000 0.593750 0.050000 0.029167
4 0.282813 0.593750 0.046875 0.020833
4 0.406250 0.827083 0.025000 0.070833
4 0.453125 0.764583 0.025000 0.070833
4 0.590625 0.902083 0.025000 0.062500
4 0.704688 0.406250 0.046875 0.029167
4 0.753125 0.406250 0.043750 0.037500
4 0.809375 0.406250 0.043750 0.029167
4 0.862500 0.408333 0.043750 0.025000
4 0.912500 0.408333 0.037500 0.025000
4 0.957812 0.410417 0.034375 0.029167
4 0.989062 0.416667 0.021875 0.025000
4 0.704688 0.445833 0.046875 0.033333
4 0.759375 0.452083 0.043750 0.020833
4 0.809375 0.450000 0.043750 0.025000
4 0.862500 0.450000 0.043750 0.025000
4 0.906250 0.447917 0.037500 0.029167
4 0.950000 0.447917 0.037500 0.029167
4 0.984375 0.452083 0.031250 0.029167
