4 0.404687 0.175000 0.021875 0.050000
4 0.035937 0.406250 0.053125 0.020833
4 0.057813 0.547917 0.046875 0.029167
4 0.114062 0.550000 0.040625 0.025000
4 0.168750 0.550000 0.050000 0.033333
4 0.226562 0.550000 0.034375 0.025000
4 0.290625 0.545833 0.050000 0.025000
4 0.107813 0.591667 0.046875 0.025000
4 0.162500 0.591667 0.050000 0.033333
4 0.221875 0.597917 0.050000 0.029167
4 0.282813 0.597917 0.040625 0.029167
4 0.704688 0.406250 0.046875 0.029167
4 0.757812 0.408333 0.034375 0.025000
4 0.809375 0.408333 0.037500 0.025000
4 0.860938 0.408333 0.040625 0.025000
4 0.910937 0.410417 0.034375 0.029167
4 0.957812 0.412500 0.040625 0.025000
4 0.987500 0.450000 0.025000 0.016667
4 0.706250 0.445833 0.050000 0.025000
4 0.759375 0.452083 0.043750 0.029167
4 0.809375 0.450000 0.050000 0.025000
4 0.860938 0.447917 0.046875 0.029167
4 0.906250 0.447917 0.043750 0.029167
4 0.950000 0.450000 0.037500 0.025000
4 0.546875 0.712500 0.025000 0.050000
4 0.589063 0.712500 0.028125 0.050000
