4 0.167187 0.591667 0.053125 0.033333
4 0.225000 0.589583 0.056250 0.029167
4 0.289062 0.550000 0.046875 0.025000
4 0.282813 0.591667 0.053125 0.033333
4 0.453125 0.858333 0.025000 0.050000
4 0.548438 0.710417 0.028125 0.054167
4 0.590625 0.704167 0.025000 0.050000
4 0.590625 0.764583 0.025000 0.054167
4 0.592187 0.820833 0.028125 0.058333
4 0.707812 0.402083 0.046875 0.029167
4 0.764062 0.406250 0.046875 0.037500
4 0.815625 0.408333 0.050000 0.041667
4 0.945312 0.410417 0.046875 0.029167
4 0.704688 0.445833 0.053125 0.033333
4 0.842187 0.445833 0.046875 0.033333
4 0.945312 0.450000 0.040625 0.033333
