4 0.214062 0.593750 0.059375 0.029167
4 0.285938 0.593750 0.046875 0.029167
4 0.446875 0.114583 0.025000 0.037500
4 0.450000 0.170833 0.018750 0.050000
4 0.404687 0.231250 0.028125 0.054167
4 0.404687 0.285417 0.021875 0.054167
4 0.448437 0.285417 0.028125 0.054167
4 0.453125 0.227083 0.025000 0.054167
4 0.696875 0.452083 0.037500 0.029167
4 0.590625 0.710417 0.025000 0.045833
4 0.545312 0.708333 0.028125 0.050000
4 0.545312 0.768750 0.021875 0.045833
4 0.589063 0.764583 0.028125 0.037500
4 0.590625 0.814583 0.025000 0.045833
4 0.546875 0.822917 0.018750 0.045833
4 0.550000 0.883333 0.025000 0.050000
4 0.546875 0.935417 0.025000 0.037500
