4 0.015625 0.541667 0.025000 0.025000
4 0.057813 0.541667 0.046875 0.025000
4 0.107813 0.541667 0.040625 0.033333
4 0.168750 0.550000 0.050000 0.025000
4 0.225000 0.547917 0.043750 0.029167
4 0.285938 0.547917 0.046875 0.020833
4 0.017188 0.587500 0.028125 0.025000
4 0.053125 0.591667 0.050000 0.033333
4 0.107813 0.591667 0.046875 0.033333
4 0.164062 0.591667 0.059375 0.033333
4 0.221875 0.591667 0.050000 0.025000
4 0.282813 0.591667 0.053125 0.025000
4 0.542188 0.710417 0.021875 0.054167
4 0.589063 0.710417 0.028125 0.045833
4 0.589063 0.766667 0.021875 0.058333
4 0.589063 0.822917 0.021875 0.054167
4 0.589063 0.868750 0.021875 0.037500
4 0.546875 0.766667 0.025000 0.050000
4 0.548438 0.822917 0.021875 0.054167
4 0.548438 0.879167 0.021875 0.041667
4 0.548438 0.931250 0.028125 0.037500
4 0.704688 0.404167 0.046875 0.033333
4 0.754687 0.404167 0.040625 0.025000
4 0.812500 0.404167 0.056250 0.033333
4 0.862500 0.410417 0.043750 0.029167
4 0.907813 0.410417 0.046875 0.029167
4 0.953125 0.410417 0.037500 0.029167
4 0.985938 0.410417 0.021875 0.029167
4 0.704688 0.447917 0.046875 0.029167
4 0.754687 0.447917 0.046875 0.029167
4 0.807813 0.447917 0.046875 0.029167
4 0.862500 0.447917 0.043750 0.029167
4 0.901563 0.447917 0.040625 0.037500
4 0.946875 0.447917 0.037500 0.029167
4 0.985938 0.447917 0.028125 0.020833
