4 0.451562 0.272917 0.028125 0.070833
4 0.545312 0.437500 0.028125 0.066667
4 0.545312 0.500000 0.034375 0.058333
4 0.545312 0.564583 0.034375 0.062500
4 0.546875 0.629167 0.031250 0.050000
4 0.546875 0.685417 0.031250 0.045833
4 0.550000 0.741667 0.031250 0.058333
4 0.548438 0.800000 0.021875 0.058333
4 0.589063 0.414583 0.021875 0.070833
4 0.590625 0.497917 0.025000 0.062500
4 0.593750 0.560417 0.025000 0.062500
4 0.595313 0.618750 0.028125 0.045833
4 0.590625 0.670833 0.031250 0.058333
4 0.593750 0.731250 0.031250 0.054167
4 0.590625 0.789583 0.031250 0.054167
4 0.403125 0.683333 0.025000 0.066667
4 0.453125 0.868750 0.025000 0.062500
4 0.707812 0.410417 0.046875 0.029167
4 0.756250 0.410417 0.037500 0.029167
4 0.809375 0.406250 0.043750 0.029167
4 0.857812 0.408333 0.040625 0.033333
4 0.912500 0.410417 0.037500 0.029167
4 0.954688 0.412500 0.034375 0.025000
4 0.990625 0.412500 0.018750 0.025000
4 0.701562 0.445833 0.046875 0.025000
4 0.759375 0.447917 0.043750 0.029167
4 0.810937 0.447917 0.046875 0.029167
4 0.860938 0.450000 0.040625 0.025000
4 0.906250 0.450000 0.037500 0.025000
4 0.948438 0.450000 0.034375 0.025000
4 0.985938 0.454167 0.028125 0.033333
4 0.017188 0.550000 0.028125 0.033333
4 0.059375 0.550000 0.043750 0.033333
4 0.110937 0.547917 0.046875 0.029167
4 0.167187 0.547917 0.059375 0.029167
4 0.228125 0.547917 0.050000 0.037500
4 0.289062 0.547917 0.053125 0.029167
4 0.014063 0.587500 0.021875 0.025000
4 0.051562 0.593750 0.040625 0.029167
4 0.106250 0.595833 0.062500 0.033333
4 0.164062 0.591667 0.059375 0.041667
4 0.221875 0.591667 0.050000 0.041667
4 0.279687 0.597917 0.065625 0.045833
