4 0.453125 0.735417 0.025000 0.054167
4 0.453125 0.889583 0.018750 0.062500
4 0.546875 0.714583 0.018750 0.045833
4 0.545312 0.764583 0.021875 0.045833
4 0.548438 0.827083 0.021875 0.045833
4 0.546875 0.879167 0.025000 0.041667
4 0.550000 0.931250 0.025000 0.045833
4 0.590625 0.710417 0.025000 0.054167
4 0.592187 0.770833 0.021875 0.058333
4 0.593750 0.827083 0.025000 0.045833
4 0.592187 0.870833 0.028125 0.041667
4 0.590625 0.931250 0.025000 0.045833
4 0.017188 0.545833 0.028125 0.025000
4 0.014063 0.587500 0.021875 0.025000
4 0.060937 0.547917 0.046875 0.029167
4 0.053125 0.589583 0.043750 0.029167
4 0.112500 0.547917 0.050000 0.029167
4 0.168750 0.547917 0.043750 0.020833
4 0.231250 0.552083 0.056250 0.029167
4 0.289062 0.547917 0.053125 0.029167
4 0.109375 0.591667 0.050000 0.033333
4 0.165625 0.589583 0.050000 0.029167
4 0.223438 0.591667 0.046875 0.033333
4 0.285938 0.595833 0.046875 0.033333
4 0.707812 0.404167 0.046875 0.033333
4 0.756250 0.406250 0.043750 0.029167
4 0.812500 0.404167 0.043750 0.033333
4 0.862500 0.406250 0.043750 0.029167
4 0.912500 0.412500 0.043750 0.025000
4 0.956250 0.416667 0.031250 0.025000
4 0.989062 0.414583 0.021875 0.029167
4 0.704688 0.443750 0.046875 0.029167
4 0.757812 0.450000 0.040625 0.025000
4 0.809375 0.450000 0.043750 0.025000
4 0.862500 0.450000 0.037500 0.025000
4 0.907813 0.450000 0.034375 0.025000
4 0.950000 0.454167 0.037500 0.025000
4 0.984375 0.454167 0.031250 0.025000
