4 0.172917 0.559722 0.028125 0.023148
4 0.259115 0.604167 0.026562 0.021296
4 0.569010 0.555093 0.027604 0.023148
4 0.557292 0.601852 0.028125 0.025926
4 0.781771 0.404630 0.028125 0.024074
4 0.428125 0.041204 0.012500 0.045370
4 0.428385 0.101389 0.013021 0.047222
4 0.427344 0.159259 0.010937 0.048148
4 0.429167 0.220370 0.013542 0.044444
4 0.428646 0.285185 0.012500 0.050000
4 0.457031 0.064815 0.014063 0.046296
4 0.456250 0.113426 0.012500 0.039815
4 0.457552 0.175000 0.011979 0.046296
4 0.457552 0.223148 0.013021 0.048148
4 0.457292 0.289815 0.012500 0.046296
4 0.513281 0.730093 0.009896 0.047222
4 0.540885 0.726852 0.014063 0.046296
4 0.539844 0.792593 0.013021 0.048148
4 0.540104 0.851389 0.013542 0.045370
