15 0.209375 0.555556 0.027083 0.022222
15 0.265365 0.603704 0.025521 0.022222
15 0.428646 0.143981 0.012500 0.049074
15 0.457292 0.022685 0.013542 0.043519
15 0.457031 0.089815 0.014063 0.050000
15 0.476562 0.408796 0.019792 0.049074
15 0.574219 0.543981 0.027604 0.032407
15 0.742448 0.452315 0.027604 0.021296
15 0.841406 0.405093 0.025521 0.025000
15 0.958854 0.407870 0.027083 0.025000
15 0.513802 0.734722 0.013021 0.047222
15 0.538802 0.729167 0.010937 0.041667
15 0.538542 0.790741 0.014583 0.046296
15 0.513281 0.797685 0.014063 0.050926
