4 0.457292 0.079630 0.012500 0.044444
4 0.428646 0.394907 0.012500 0.045370
4 0.428385 0.462500 0.013021 0.049074
4 0.513281 0.731481 0.014063 0.048148
4 0.539323 0.730093 0.015104 0.049074
4 0.512500 0.786111 0.013542 0.044444
4 0.539062 0.797222 0.014583 0.050000
4 0.514062 0.853704 0.014583 0.050000
4 0.541146 0.854167 0.011458 0.049074
4 0.513021 0.912500 0.012500 0.047222
4 0.540625 0.909259 0.010417 0.046296
4 0.512760 0.974537 0.013021 0.043519
4 0.538542 0.971759 0.013542 0.045370
4 0.010677 0.556019 0.020313 0.023148
4 0.006250 0.603241 0.011458 0.023148
4 0.045833 0.556481 0.028125 0.022222
4 0.035417 0.603704 0.026042 0.022222
4 0.079687 0.558796 0.028125 0.023148
4 0.112240 0.557407 0.025521 0.024074
4 0.144792 0.556019 0.029167 0.023148
4 0.178125 0.556019 0.027083 0.023148
4 0.215365 0.556944 0.026562 0.025000
4 0.252604 0.557407 0.025000 0.024074
4 0.288281 0.558333 0.028646 0.022222
4 0.325000 0.556944 0.026042 0.019444
4 0.361979 0.555556 0.027083 0.022222
4 0.071354 0.604167 0.026042 0.023148
4 0.108073 0.604167 0.023438 0.017593
4 0.141667 0.606019 0.026042 0.017593
4 0.176823 0.604630 0.028646 0.022222
4 0.210156 0.606944 0.027604 0.021296
4 0.248438 0.606944 0.028125 0.021296
4 0.285417 0.603704 0.026042 0.022222
4 0.322396 0.604167 0.029167 0.023148
4 0.358073 0.604630 0.025521 0.022222
4 0.614583 0.406019 0.027083 0.021296
4 0.647135 0.405556 0.025521 0.020370
4 0.685677 0.407407 0.027604 0.024074
4 0.720573 0.404167 0.026562 0.023148
4 0.757812 0.404630 0.026042 0.022222
4 0.794792 0.406944 0.027083 0.019444
4 0.830208 0.408796 0.028125 0.023148
4 0.867969 0.407870 0.024479 0.026852
4 0.902604 0.404630 0.025000 0.020370
4 0.940104 0.405556 0.029167 0.020370
4 0.977604 0.404167 0.026042 0.021296
4 0.611458 0.450463 0.027083 0.019444
4 0.647396 0.451852 0.025000 0.018519
4 0.681771 0.452778 0.027083 0.022222
4 0.720573 0.452315 0.026562 0.023148
4 0.754167 0.452778 0.029167 0.022222
4 0.788542 0.450000 0.027083 0.018519
4 0.819271 0.452315 0.025000 0.021296
4 0.852865 0.452778 0.027604 0.022222
4 0.887500 0.452778 0.025000 0.020370
4 0.922135 0.452778 0.027604 0.022222
4 0.958594 0.452778 0.027604 0.020370
4 0.990104 0.453241 0.019792 0.021296
4 0.789062 0.554167 0.028125 0.023148
