4 0.407813 0.062500 0.021875 0.041667
4 0.451562 0.068750 0.021875 0.045833
4 0.404687 0.114583 0.021875 0.045833
4 0.448437 0.114583 0.021875 0.037500
4 0.450000 0.168750 0.025000 0.054167
4 0.404687 0.170833 0.028125 0.050000
4 0.403125 0.225000 0.025000 0.050000
4 0.403125 0.285417 0.031250 0.054167
4 0.450000 0.225000 0.025000 0.050000
4 0.448437 0.287500 0.028125 0.058333
4 0.171875 0.593750 0.043750 0.029167
4 0.543750 0.472917 0.025000 0.054167
4 0.543750 0.531250 0.031250 0.054167
4 0.546875 0.587500 0.031250 0.050000
4 0.548438 0.654167 0.028125 0.050000
4 0.545312 0.714583 0.021875 0.054167
4 0.546875 0.772917 0.025000 0.054167
4 0.546875 0.833333 0.025000 0.058333
4 0.590625 0.652083 0.018750 0.062500
4 0.590625 0.731250 0.018750 0.054167
4 0.592187 0.785417 0.021875 0.054167
4 0.593750 0.845833 0.025000 0.058333
4 0.634375 0.610417 0.037500 0.037500
4 0.701562 0.445833 0.040625 0.025000
4 0.689063 0.587500 0.034375 0.025000
4 0.720313 0.564583 0.040625 0.020833
4 0.835938 0.543750 0.040625 0.020833
4 0.953125 0.579167 0.037500 0.025000
