4 0.026562 0.410417 0.046875 0.029167
4 0.081250 0.408333 0.062500 0.025000
4 0.210938 0.410417 0.059375 0.029167
4 0.404687 0.062500 0.028125 0.041667
4 0.407813 0.110417 0.034375 0.045833
4 0.404687 0.162500 0.021875 0.050000
4 0.406250 0.222917 0.025000 0.054167
4 0.404687 0.283333 0.021875 0.058333
4 0.453125 0.064583 0.025000 0.045833
4 0.450000 0.114583 0.018750 0.054167
4 0.453125 0.229167 0.025000 0.041667
4 0.451562 0.285417 0.028125 0.054167
4 0.620313 0.443750 0.065625 0.045833
4 0.695312 0.550000 0.065625 0.025000
4 0.548438 0.712500 0.028125 0.066667
4 0.590625 0.710417 0.025000 0.062500
4 0.550000 0.777083 0.031250 0.054167
4 0.590625 0.775000 0.025000 0.050000
4 0.550000 0.837500 0.031250 0.058333
4 0.593750 0.837500 0.025000 0.058333
4 0.551562 0.897917 0.034375 0.054167
4 0.590625 0.891667 0.031250 0.050000
4 0.589063 0.937500 0.028125 0.041667
4 0.551562 0.947917 0.021875 0.029167
