4 0.404687 0.066667 0.021875 0.041667
4 0.406250 0.114583 0.025000 0.045833
4 0.404687 0.172917 0.028125 0.054167
4 0.404687 0.231250 0.028125 0.054167
4 0.406250 0.287500 0.025000 0.041667
4 0.450000 0.068750 0.025000 0.045833
4 0.451562 0.116667 0.028125 0.050000
4 0.451562 0.168750 0.028125 0.045833
4 0.450000 0.225000 0.025000 0.050000
4 0.451562 0.283333 0.028125 0.058333
4 0.292187 0.550000 0.040625 0.025000
4 0.285938 0.595833 0.046875 0.025000
4 0.028125 0.589583 0.050000 0.029167
4 0.704688 0.408333 0.040625 0.025000
4 0.759375 0.406250 0.043750 0.020833
4 0.810937 0.408333 0.040625 0.025000
4 0.704688 0.447917 0.040625 0.020833
