4 0.404687 0.185417 0.021875 0.062500
4 0.451562 0.106250 0.021875 0.070833
4 0.400000 0.314583 0.025000 0.070833
4 0.454688 0.602083 0.028125 0.079167
4 0.546875 0.712500 0.025000 0.058333
4 0.589063 0.712500 0.028125 0.058333
4 0.592187 0.768750 0.028125 0.045833
4 0.545312 0.766667 0.021875 0.050000
4 0.545312 0.822917 0.021875 0.054167
4 0.546875 0.877083 0.025000 0.045833
4 0.548438 0.931250 0.021875 0.037500
4 0.593750 0.825000 0.025000 0.050000
4 0.592187 0.872917 0.021875 0.045833
4 0.590625 0.929167 0.025000 0.050000
4 0.407813 0.927083 0.021875 0.062500
4 0.703125 0.406250 0.050000 0.029167
4 0.759375 0.408333 0.043750 0.025000
4 0.810937 0.408333 0.046875 0.025000
4 0.860938 0.408333 0.046875 0.025000
4 0.910937 0.408333 0.040625 0.033333
4 0.954688 0.410417 0.034375 0.029167
4 0.990625 0.412500 0.018750 0.025000
4 0.289062 0.547917 0.046875 0.029167
4 0.229687 0.550000 0.046875 0.025000
4 0.167187 0.545833 0.046875 0.025000
4 0.114062 0.550000 0.040625 0.025000
4 0.057813 0.547917 0.040625 0.029167
4 0.018750 0.547917 0.031250 0.029167
4 0.017188 0.587500 0.028125 0.025000
4 0.051562 0.591667 0.040625 0.025000
4 0.107813 0.593750 0.040625 0.029167
4 0.164062 0.593750 0.046875 0.029167
4 0.225000 0.595833 0.043750 0.025000
4 0.284375 0.593750 0.043750 0.029167
4 0.706250 0.445833 0.043750 0.033333
4 0.759375 0.450000 0.043750 0.025000
4 0.810937 0.450000 0.040625 0.025000
4 0.864062 0.450000 0.046875 0.025000
4 0.907813 0.450000 0.034375 0.016667
4 0.956250 0.452083 0.037500 0.029167
4 0.987500 0.454167 0.025000 0.025000
4 0.717187 0.537500 0.046875 0.025000
