4 0.054688 0.545833 0.046875 0.025000
4 0.112500 0.545833 0.037500 0.025000
4 0.171875 0.547917 0.050000 0.029167
4 0.228125 0.550000 0.043750 0.025000
4 0.292187 0.550000 0.040625 0.033333
4 0.284375 0.593750 0.050000 0.020833
4 0.225000 0.595833 0.043750 0.025000
4 0.162500 0.591667 0.050000 0.025000
4 0.107813 0.593750 0.046875 0.029167
4 0.053125 0.589583 0.056250 0.029167
4 0.014063 0.589583 0.021875 0.029167
4 0.706250 0.406250 0.056250 0.029167
4 0.757812 0.408333 0.046875 0.033333
4 0.810937 0.410417 0.040625 0.029167
4 0.859375 0.410417 0.050000 0.020833
4 0.910937 0.412500 0.040625 0.025000
4 0.954688 0.414583 0.040625 0.029167
4 0.990625 0.414583 0.018750 0.029167
4 0.703125 0.447917 0.043750 0.020833
4 0.754687 0.450000 0.040625 0.025000
4 0.807813 0.450000 0.046875 0.025000
4 0.856250 0.450000 0.043750 0.033333
4 0.901563 0.450000 0.046875 0.025000
4 0.953125 0.447917 0.037500 0.029167
4 0.985938 0.450000 0.028125 0.025000
4 0.546875 0.712500 0.018750 0.041667
4 0.590625 0.710417 0.025000 0.045833
4 0.545312 0.764583 0.021875 0.045833
4 0.545312 0.825000 0.028125 0.050000
4 0.453125 0.870833 0.018750 0.050000
