4 0.450000 0.066667 0.031250 0.050000
4 0.450000 0.116667 0.025000 0.041667
4 0.451562 0.166667 0.028125 0.050000
4 0.451562 0.225000 0.028125 0.058333
4 0.448437 0.287500 0.028125 0.058333
4 0.404687 0.227083 0.028125 0.054167
4 0.403125 0.287500 0.031250 0.058333
4 0.746875 0.447917 0.043750 0.029167
4 0.287500 0.550000 0.037500 0.033333
4 0.075000 0.547917 0.050000 0.020833
4 0.223438 0.593750 0.040625 0.029167
4 0.285938 0.593750 0.046875 0.020833
4 0.550000 0.710417 0.025000 0.045833
4 0.590625 0.710417 0.025000 0.045833
4 0.590625 0.762500 0.018750 0.041667
4 0.545312 0.766667 0.021875 0.050000
4 0.548438 0.825000 0.021875 0.041667
4 0.593750 0.818750 0.025000 0.045833
4 0.590625 0.877083 0.025000 0.045833
4 0.548438 0.881250 0.028125 0.054167
4 0.550000 0.935417 0.031250 0.037500
