4 0.017188 0.547917 0.028125 0.037500
4 0.059375 0.550000 0.050000 0.025000
4 0.115625 0.545833 0.043750 0.025000
4 0.168750 0.547917 0.043750 0.029167
4 0.226562 0.547917 0.046875 0.037500
4 0.290625 0.550000 0.050000 0.041667
4 0.015625 0.589583 0.025000 0.029167
4 0.051562 0.589583 0.046875 0.029167
4 0.107813 0.591667 0.046875 0.033333
4 0.165625 0.589583 0.050000 0.029167
4 0.223438 0.593750 0.046875 0.029167
4 0.281250 0.593750 0.043750 0.020833
4 0.707812 0.406250 0.046875 0.029167
4 0.757812 0.406250 0.046875 0.029167
4 0.809375 0.408333 0.043750 0.025000
4 0.859375 0.408333 0.043750 0.025000
4 0.909375 0.412500 0.043750 0.025000
4 0.957812 0.412500 0.028125 0.025000
4 0.990625 0.416667 0.018750 0.025000
4 0.701562 0.445833 0.040625 0.025000
4 0.757812 0.447917 0.040625 0.020833
4 0.807813 0.450000 0.046875 0.025000
4 0.862500 0.447917 0.043750 0.029167
4 0.906250 0.450000 0.037500 0.025000
4 0.950000 0.450000 0.037500 0.025000
4 0.985938 0.450000 0.028125 0.033333
4 0.965625 0.531250 0.050000 0.029167
4 0.546875 0.714583 0.018750 0.045833
4 0.545312 0.764583 0.021875 0.045833
4 0.546875 0.825000 0.025000 0.050000
4 0.545312 0.877083 0.021875 0.045833
4 0.545312 0.933333 0.028125 0.041667
4 0.590625 0.708333 0.025000 0.050000
4 0.592187 0.770833 0.021875 0.050000
4 0.593750 0.822917 0.025000 0.045833
4 0.590625 0.872917 0.025000 0.045833
4 0.589063 0.927083 0.028125 0.045833
