4 0.015625 0.543750 0.025000 0.029167
4 0.015625 0.589583 0.025000 0.037500
4 0.054688 0.545833 0.046875 0.033333
4 0.110937 0.545833 0.040625 0.033333
4 0.167187 0.547917 0.046875 0.029167
4 0.225000 0.550000 0.050000 0.033333
4 0.284375 0.550000 0.050000 0.025000
4 0.059375 0.591667 0.050000 0.033333
4 0.110937 0.591667 0.040625 0.033333
4 0.167187 0.595833 0.059375 0.025000
4 0.225000 0.591667 0.056250 0.033333
4 0.281250 0.595833 0.062500 0.033333
4 0.696875 0.408333 0.050000 0.033333
4 0.753125 0.410417 0.056250 0.037500
4 0.804688 0.410417 0.040625 0.037500
4 0.846875 0.412500 0.043750 0.033333
4 0.893750 0.412500 0.050000 0.033333
4 0.939063 0.414583 0.040625 0.029167
4 0.981250 0.414583 0.037500 0.037500
4 0.706250 0.447917 0.056250 0.037500
4 0.762500 0.450000 0.056250 0.033333
4 0.817187 0.454167 0.053125 0.033333
4 0.548438 0.714583 0.034375 0.062500
4 0.589063 0.710417 0.034375 0.054167
4 0.546875 0.775000 0.037500 0.066667
4 0.590625 0.768750 0.037500 0.062500
4 0.550000 0.835417 0.037500 0.045833
4 0.593750 0.831250 0.037500 0.054167
4 0.548438 0.895833 0.034375 0.058333
