4 0.015625 0.543750 0.025000 0.020833
4 0.057813 0.547917 0.040625 0.029167
4 0.109375 0.547917 0.037500 0.029167
4 0.168750 0.550000 0.043750 0.033333
4 0.221875 0.550000 0.050000 0.025000
4 0.289062 0.547917 0.046875 0.029167
4 0.053125 0.591667 0.037500 0.033333
4 0.107813 0.593750 0.046875 0.020833
4 0.165625 0.591667 0.050000 0.033333
4 0.225000 0.595833 0.056250 0.025000
4 0.285938 0.595833 0.046875 0.041667
4 0.696875 0.406250 0.043750 0.037500
4 0.756250 0.406250 0.050000 0.037500
4 0.804688 0.406250 0.040625 0.037500
4 0.848437 0.410417 0.046875 0.029167
4 0.893750 0.414583 0.043750 0.037500
4 0.940625 0.414583 0.050000 0.037500
4 0.984375 0.412500 0.031250 0.033333
4 0.709375 0.450000 0.037500 0.033333
4 0.760938 0.454167 0.040625 0.025000
4 0.814063 0.452083 0.040625 0.020833
4 0.548438 0.714583 0.028125 0.045833
4 0.590625 0.710417 0.025000 0.045833
4 0.593750 0.770833 0.025000 0.058333
4 0.593750 0.829167 0.031250 0.058333
4 0.548438 0.779167 0.028125 0.058333
4 0.548438 0.835417 0.028125 0.054167
4 0.550000 0.902083 0.031250 0.062500
