4 0.451562 0.727083 0.028125 0.079167
4 0.404687 0.368750 0.040625 0.062500
4 0.450000 0.245833 0.031250 0.075000
4 0.542188 0.072917 0.028125 0.045833
4 0.585938 0.060417 0.021875 0.029167
4 0.542188 0.118750 0.028125 0.054167
4 0.545312 0.181250 0.021875 0.062500
4 0.545312 0.235417 0.021875 0.045833
4 0.546875 0.295833 0.025000 0.050000
4 0.584375 0.285417 0.031250 0.054167
4 0.587500 0.225000 0.031250 0.041667
4 0.582812 0.166667 0.028125 0.041667
4 0.589063 0.106250 0.028125 0.037500
4 0.014063 0.547917 0.021875 0.029167
4 0.014063 0.587500 0.021875 0.025000
4 0.057813 0.547917 0.046875 0.029167
4 0.053125 0.593750 0.037500 0.029167
4 0.114062 0.547917 0.046875 0.037500
4 0.107813 0.593750 0.053125 0.029167
4 0.170313 0.545833 0.046875 0.033333
4 0.232813 0.550000 0.053125 0.033333
4 0.289062 0.550000 0.046875 0.025000
4 0.165625 0.591667 0.050000 0.025000
4 0.225000 0.595833 0.050000 0.025000
4 0.284375 0.597917 0.056250 0.020833
4 0.707812 0.406250 0.046875 0.029167
4 0.760938 0.406250 0.040625 0.029167
4 0.814063 0.406250 0.040625 0.029167
4 0.860938 0.408333 0.034375 0.025000
4 0.910937 0.412500 0.040625 0.025000
4 0.954688 0.414583 0.040625 0.020833
4 0.990625 0.416667 0.018750 0.033333
4 0.704688 0.450000 0.046875 0.033333
4 0.759375 0.450000 0.043750 0.025000
4 0.810937 0.447917 0.046875 0.029167
4 0.862500 0.445833 0.043750 0.033333
4 0.907813 0.447917 0.040625 0.029167
4 0.950000 0.450000 0.037500 0.025000
4 0.985938 0.450000 0.028125 0.025000
