4 0.015625 0.543750 0.025000 0.020833
4 0.014063 0.587500 0.021875 0.025000
4 0.059375 0.547917 0.050000 0.029167
4 0.054688 0.591667 0.046875 0.033333
4 0.115625 0.547917 0.043750 0.029167
4 0.109375 0.593750 0.043750 0.029167
4 0.170313 0.547917 0.053125 0.020833
4 0.165625 0.591667 0.050000 0.025000
4 0.229687 0.550000 0.046875 0.025000
4 0.221875 0.593750 0.043750 0.020833
4 0.290625 0.550000 0.043750 0.033333
4 0.279687 0.591667 0.053125 0.025000
4 0.706250 0.408333 0.043750 0.025000
4 0.756250 0.410417 0.037500 0.020833
4 0.810937 0.408333 0.040625 0.025000
4 0.862500 0.410417 0.043750 0.020833
4 0.910937 0.410417 0.034375 0.020833
4 0.960938 0.412500 0.028125 0.025000
4 0.990625 0.416667 0.018750 0.025000
4 0.703125 0.447917 0.043750 0.020833
4 0.757812 0.450000 0.046875 0.025000
4 0.810937 0.445833 0.040625 0.025000
4 0.862500 0.450000 0.043750 0.025000
4 0.906250 0.452083 0.037500 0.020833
4 0.951562 0.450000 0.028125 0.016667
4 0.989062 0.452083 0.021875 0.020833
4 0.546875 0.712500 0.018750 0.041667
4 0.590625 0.714583 0.025000 0.045833
4 0.543750 0.764583 0.025000 0.045833
4 0.546875 0.831250 0.018750 0.045833
4 0.546875 0.881250 0.025000 0.045833
4 0.548438 0.935417 0.021875 0.037500
