4 0.592187 0.435417 0.028125 0.070833
4 0.707812 0.408333 0.040625 0.025000
4 0.759375 0.410417 0.043750 0.020833
4 0.812500 0.406250 0.037500 0.020833
4 0.864062 0.450000 0.034375 0.025000
4 0.809375 0.450000 0.037500 0.025000
4 0.760938 0.452083 0.034375 0.020833
4 0.706250 0.447917 0.043750 0.020833
4 0.590625 0.766667 0.025000 0.058333
4 0.290625 0.547917 0.043750 0.029167
4 0.221875 0.595833 0.037500 0.025000
4 0.282813 0.593750 0.046875 0.020833
4 0.404687 0.060417 0.021875 0.037500
4 0.404687 0.116667 0.021875 0.041667
4 0.404687 0.172917 0.021875 0.045833
4 0.403125 0.231250 0.025000 0.037500
4 0.403125 0.289583 0.025000 0.045833
4 0.451562 0.064583 0.028125 0.045833
4 0.448437 0.114583 0.021875 0.045833
4 0.450000 0.164583 0.025000 0.045833
4 0.450000 0.222917 0.031250 0.054167
4 0.450000 0.281250 0.031250 0.062500
