4 0.404687 0.141667 0.028125 0.066667
4 0.451562 0.060417 0.021875 0.029167
4 0.451562 0.289583 0.021875 0.054167
4 0.582812 0.154167 0.028125 0.058333
4 0.587500 0.220833 0.025000 0.058333
4 0.545312 0.329167 0.021875 0.066667
4 0.545312 0.400000 0.021875 0.058333
4 0.584375 0.404167 0.050000 0.033333
4 0.637500 0.408333 0.050000 0.025000
4 0.698438 0.404167 0.053125 0.033333
4 0.754687 0.404167 0.053125 0.033333
4 0.814063 0.408333 0.046875 0.025000
4 0.865625 0.408333 0.043750 0.025000
4 0.912500 0.414583 0.043750 0.029167
4 0.959375 0.416667 0.043750 0.025000
4 0.556250 0.447917 0.031250 0.020833
4 0.590625 0.447917 0.031250 0.029167
4 0.628125 0.452083 0.031250 0.020833
4 0.662500 0.452083 0.031250 0.029167
4 0.709375 0.454167 0.056250 0.025000
4 0.860938 0.450000 0.046875 0.025000
4 0.909375 0.454167 0.037500 0.016667
4 0.965625 0.460417 0.068750 0.029167
4 0.453125 0.577083 0.025000 0.062500
4 0.593750 0.818750 0.031250 0.062500
4 0.067187 0.591667 0.040625 0.025000
4 0.114062 0.591667 0.053125 0.025000
4 0.162500 0.593750 0.031250 0.020833
4 0.215625 0.595833 0.056250 0.025000
4 0.281250 0.595833 0.062500 0.025000
4 0.293750 0.550000 0.056250 0.025000
4 0.234375 0.547917 0.050000 0.020833
4 0.021875 0.547917 0.031250 0.029167
4 0.068750 0.545833 0.037500 0.033333
4 0.107813 0.543750 0.040625 0.029167
4 0.353125 0.550000 0.056250 0.025000
4 0.410938 0.550000 0.046875 0.025000
