4 0.350000 0.452083 0.075000 0.029167
4 0.662500 0.452083 0.068750 0.037500
4 0.920312 0.412500 0.059375 0.025000
4 0.018750 0.545833 0.031250 0.033333
4 0.014063 0.589583 0.021875 0.029167
4 0.060937 0.543750 0.053125 0.037500
4 0.115625 0.545833 0.043750 0.025000
4 0.168750 0.552083 0.050000 0.020833
4 0.225000 0.545833 0.043750 0.033333
4 0.284375 0.552083 0.050000 0.029167
4 0.056250 0.589583 0.043750 0.029167
4 0.114062 0.591667 0.053125 0.025000
4 0.165625 0.591667 0.050000 0.033333
4 0.232813 0.591667 0.040625 0.033333
4 0.284375 0.591667 0.050000 0.033333
4 0.404687 0.058333 0.021875 0.033333
4 0.406250 0.106250 0.031250 0.045833
4 0.404687 0.162500 0.021875 0.041667
4 0.406250 0.218750 0.031250 0.045833
4 0.404687 0.283333 0.028125 0.050000
4 0.450000 0.066667 0.025000 0.041667
4 0.450000 0.114583 0.025000 0.045833
4 0.451562 0.225000 0.028125 0.050000
4 0.448437 0.279167 0.034375 0.058333
4 0.548438 0.714583 0.028125 0.054167
4 0.592187 0.712500 0.034375 0.058333
4 0.548438 0.779167 0.028125 0.058333
4 0.589063 0.777083 0.028125 0.054167
4 0.590625 0.833333 0.025000 0.050000
4 0.550000 0.837500 0.025000 0.050000
4 0.553125 0.893750 0.025000 0.045833
4 0.592187 0.885417 0.028125 0.045833
4 0.590625 0.931250 0.031250 0.045833
4 0.553125 0.943750 0.025000 0.037500
