4 0.129688 0.447917 0.053125 0.037500
4 0.007812 0.585417 0.009375 0.020833
4 0.178125 0.589583 0.062500 0.029167
4 0.257812 0.547917 0.059375 0.029167
4 0.485938 0.545833 0.053125 0.033333
4 0.587500 0.591667 0.056250 0.033333
4 0.871875 0.450000 0.050000 0.025000
4 0.875000 0.541667 0.037500 0.025000
4 0.403125 0.058333 0.031250 0.033333
4 0.407813 0.106250 0.028125 0.045833
4 0.404687 0.164583 0.021875 0.045833
4 0.404687 0.220833 0.021875 0.041667
4 0.403125 0.283333 0.025000 0.050000
4 0.450000 0.220833 0.025000 0.033333
4 0.451562 0.285417 0.021875 0.054167
4 0.450000 0.112500 0.025000 0.041667
4 0.450000 0.062500 0.018750 0.041667
4 0.546875 0.714583 0.025000 0.054167
4 0.592187 0.712500 0.028125 0.050000
4 0.589063 0.775000 0.021875 0.050000
4 0.548438 0.777083 0.021875 0.054167
4 0.548438 0.839583 0.021875 0.054167
4 0.589063 0.833333 0.021875 0.050000
4 0.550000 0.895833 0.025000 0.050000
4 0.589063 0.885417 0.021875 0.045833
4 0.589063 0.937500 0.028125 0.033333
4 0.551562 0.941667 0.028125 0.033333
