4 0.451562 0.289583 0.028125 0.054167
4 0.401562 0.283333 0.021875 0.050000
4 0.451562 0.227083 0.021875 0.037500
4 0.404687 0.225000 0.021875 0.050000
4 0.018750 0.545833 0.031250 0.033333
4 0.014063 0.589583 0.021875 0.029167
4 0.064062 0.545833 0.046875 0.033333
4 0.053125 0.589583 0.043750 0.029167
4 0.115625 0.547917 0.043750 0.029167
4 0.112500 0.591667 0.050000 0.033333
4 0.170313 0.547917 0.040625 0.029167
4 0.167187 0.591667 0.040625 0.025000
4 0.223438 0.550000 0.040625 0.041667
4 0.284375 0.547917 0.050000 0.029167
4 0.228125 0.591667 0.043750 0.025000
4 0.285938 0.593750 0.046875 0.029167
4 0.704688 0.404167 0.053125 0.033333
4 0.768750 0.408333 0.056250 0.033333
4 0.446875 0.735417 0.031250 0.054167
4 0.546875 0.712500 0.025000 0.050000
4 0.546875 0.777083 0.025000 0.054167
4 0.545312 0.835417 0.028125 0.045833
4 0.550000 0.895833 0.025000 0.050000
4 0.550000 0.941667 0.025000 0.033333
4 0.592187 0.712500 0.028125 0.058333
4 0.589063 0.775000 0.021875 0.058333
4 0.592187 0.829167 0.021875 0.050000
4 0.592187 0.881250 0.021875 0.054167
4 0.585938 0.933333 0.028125 0.041667
4 0.403125 0.160417 0.025000 0.054167
4 0.406250 0.104167 0.025000 0.050000
4 0.404687 0.060417 0.021875 0.029167
4 0.448437 0.060417 0.021875 0.037500
4 0.446875 0.112500 0.025000 0.050000
4 0.964063 0.450000 0.046875 0.025000
