4 0.403125 0.291667 0.025000 0.050000
4 0.507812 0.445833 0.053125 0.058333
4 0.014063 0.545833 0.021875 0.025000
4 0.014063 0.589583 0.021875 0.029167
4 0.059375 0.547917 0.043750 0.029167
4 0.114062 0.550000 0.046875 0.025000
4 0.170313 0.545833 0.046875 0.033333
4 0.228125 0.547917 0.043750 0.029167
4 0.289062 0.550000 0.046875 0.025000
4 0.054688 0.589583 0.046875 0.029167
4 0.107813 0.593750 0.046875 0.029167
4 0.165625 0.591667 0.043750 0.033333
4 0.225000 0.591667 0.050000 0.025000
4 0.281250 0.591667 0.050000 0.033333
4 0.453125 0.779167 0.025000 0.066667
4 0.546875 0.714583 0.031250 0.054167
4 0.546875 0.768750 0.025000 0.045833
4 0.546875 0.822917 0.031250 0.062500
4 0.548438 0.883333 0.028125 0.041667
4 0.550000 0.931250 0.025000 0.054167
4 0.590625 0.708333 0.025000 0.058333
4 0.592187 0.770833 0.021875 0.050000
4 0.585938 0.925000 0.028125 0.050000
4 0.592187 0.825000 0.028125 0.058333
4 0.590625 0.877083 0.025000 0.037500
4 0.706250 0.402083 0.050000 0.029167
4 0.759375 0.406250 0.050000 0.029167
4 0.810937 0.410417 0.053125 0.029167
4 0.865625 0.412500 0.050000 0.025000
4 0.909375 0.410417 0.037500 0.029167
4 0.953125 0.410417 0.043750 0.029167
4 0.989062 0.414583 0.021875 0.029167
4 0.704688 0.447917 0.040625 0.029167
4 0.759375 0.447917 0.043750 0.029167
4 0.812500 0.450000 0.043750 0.025000
4 0.860938 0.452083 0.040625 0.029167
4 0.907813 0.452083 0.034375 0.029167
4 0.950000 0.450000 0.037500 0.025000
4 0.984375 0.452083 0.031250 0.029167
