4 0.403125 0.166667 0.025000 0.050000
4 0.404687 0.222917 0.028125 0.054167
4 0.403125 0.287500 0.025000 0.058333
4 0.015625 0.547917 0.025000 0.020833
4 0.059375 0.550000 0.043750 0.025000
4 0.112500 0.547917 0.050000 0.029167
4 0.168750 0.547917 0.050000 0.029167
4 0.229687 0.547917 0.053125 0.029167
4 0.287500 0.552083 0.050000 0.029167
4 0.014063 0.587500 0.021875 0.025000
4 0.053125 0.593750 0.043750 0.029167
4 0.109375 0.593750 0.043750 0.029167
4 0.164062 0.591667 0.046875 0.033333
4 0.223438 0.591667 0.046875 0.025000
4 0.285938 0.593750 0.053125 0.029167
4 0.703125 0.406250 0.043750 0.029167
4 0.759375 0.408333 0.043750 0.025000
4 0.810937 0.410417 0.046875 0.029167
4 0.860938 0.408333 0.046875 0.025000
4 0.909375 0.410417 0.037500 0.029167
4 0.954688 0.414583 0.034375 0.029167
4 0.990625 0.414583 0.018750 0.020833
4 0.704688 0.445833 0.040625 0.025000
4 0.757812 0.447917 0.040625 0.020833
4 0.810937 0.450000 0.046875 0.025000
4 0.862500 0.450000 0.043750 0.025000
4 0.904687 0.450000 0.034375 0.025000
4 0.951562 0.450000 0.034375 0.025000
4 0.985938 0.450000 0.028125 0.016667
4 0.814063 0.535417 0.046875 0.029167
4 0.875000 0.533333 0.043750 0.033333
4 0.932813 0.535417 0.046875 0.029167
4 0.546875 0.712500 0.025000 0.050000
4 0.589063 0.712500 0.028125 0.050000
4 0.593750 0.772917 0.018750 0.045833
4 0.546875 0.764583 0.025000 0.045833
4 0.548438 0.827083 0.021875 0.045833
4 0.590625 0.827083 0.018750 0.045833
4 0.592187 0.870833 0.021875 0.041667
4 0.548438 0.877083 0.021875 0.054167
4 0.550000 0.933333 0.018750 0.050000
4 0.585938 0.927083 0.021875 0.045833
