4 0.023438 0.545833 0.040625 0.025000
4 0.029687 0.589583 0.046875 0.029167
4 0.187500 0.445833 0.043750 0.025000
4 0.665625 0.447917 0.056250 0.020833
4 0.737500 0.447917 0.056250 0.029167
4 0.879687 0.450000 0.040625 0.025000
4 0.804688 0.447917 0.028125 0.020833
4 0.551562 0.945833 0.021875 0.033333
4 0.587500 0.939583 0.031250 0.045833
4 0.593750 0.889583 0.018750 0.045833
4 0.593750 0.835417 0.031250 0.054167
4 0.592187 0.772917 0.028125 0.062500
4 0.593750 0.712500 0.025000 0.058333
4 0.545312 0.712500 0.028125 0.058333
4 0.548438 0.777083 0.034375 0.062500
4 0.550000 0.837500 0.031250 0.050000
4 0.550000 0.893750 0.025000 0.054167
4 0.404687 0.058333 0.028125 0.041667
4 0.404687 0.102083 0.028125 0.045833
4 0.403125 0.162500 0.031250 0.050000
4 0.404687 0.220833 0.028125 0.050000
4 0.403125 0.281250 0.031250 0.054167
4 0.453125 0.062500 0.031250 0.041667
4 0.448437 0.114583 0.034375 0.045833
4 0.451562 0.222917 0.021875 0.054167
4 0.454688 0.287500 0.028125 0.058333
