4 0.429427 0.022685 0.014063 0.043519
4 0.428646 0.086574 0.012500 0.047222
4 0.428646 0.151389 0.012500 0.047222
4 0.428906 0.215741 0.015104 0.046296
4 0.428385 0.279630 0.011979 0.046296
4 0.456510 0.024537 0.010937 0.045370
4 0.456250 0.082870 0.012500 0.045370
4 0.457292 0.145833 0.014583 0.047222
4 0.457292 0.214352 0.014583 0.047222
4 0.457552 0.278241 0.013021 0.045370
4 0.420052 0.471759 0.025521 0.030556
4 0.285417 0.603704 0.029167 0.020370
4 0.325260 0.556944 0.026562 0.019444
4 0.362240 0.556019 0.024479 0.017593
4 0.321615 0.604167 0.025521 0.017593
4 0.358333 0.604167 0.025000 0.021296
4 0.540365 0.327315 0.013021 0.045370
4 0.538802 0.393519 0.014063 0.044444
4 0.614062 0.406019 0.027083 0.023148
4 0.647917 0.406481 0.023958 0.016667
4 0.685417 0.405556 0.027083 0.022222
4 0.720573 0.403241 0.023438 0.019444
4 0.920833 0.405556 0.025000 0.020370
4 0.987240 0.454167 0.023438 0.023148
4 0.611719 0.450000 0.025521 0.018519
4 0.647656 0.453241 0.024479 0.019444
4 0.682292 0.451389 0.028125 0.019444
4 0.719792 0.453241 0.025000 0.021296
4 0.753646 0.453704 0.027083 0.022222
4 0.789583 0.452315 0.027083 0.017593
4 0.819531 0.450926 0.026562 0.018519
