4 0.144271 0.556019 0.030208 0.026852
4 0.141927 0.603704 0.028646 0.022222
4 0.178385 0.556019 0.029687 0.025000
4 0.212500 0.556944 0.028125 0.025000
4 0.250260 0.555556 0.026562 0.020370
4 0.286719 0.555556 0.027604 0.020370
4 0.323177 0.556944 0.028646 0.023148
4 0.359635 0.557870 0.028646 0.021296
4 0.177344 0.603241 0.026562 0.025000
4 0.214844 0.603241 0.027604 0.023148
4 0.249219 0.603241 0.027604 0.023148
4 0.284896 0.603241 0.027083 0.025000
4 0.322135 0.604167 0.029687 0.023148
4 0.358333 0.606481 0.027083 0.025926
4 0.608333 0.407407 0.026042 0.025926
4 0.642708 0.406019 0.026042 0.023148
4 0.676042 0.405556 0.028125 0.020370
4 0.709115 0.406481 0.029687 0.025926
4 0.745313 0.405556 0.028125 0.024074
4 0.780469 0.403704 0.025521 0.025926
4 0.818229 0.405556 0.027083 0.029630
4 0.854688 0.405556 0.028125 0.024074
4 0.889062 0.405556 0.027083 0.022222
4 0.923958 0.408333 0.027083 0.022222
4 0.961458 0.407407 0.029167 0.025926
4 0.991667 0.404630 0.016667 0.020370
4 0.614062 0.455556 0.027083 0.020370
4 0.648177 0.453704 0.027604 0.022222
4 0.684635 0.454630 0.028646 0.022222
4 0.720052 0.452778 0.028646 0.024074
4 0.875521 0.554167 0.027083 0.023148
4 0.513542 0.734259 0.013542 0.044444
4 0.540104 0.727778 0.012500 0.044444
4 0.513542 0.802315 0.014583 0.047222
4 0.539062 0.793981 0.014583 0.049074
4 0.513542 0.866204 0.013542 0.043519
4 0.540885 0.860185 0.014063 0.048148
4 0.511979 0.934722 0.014583 0.047222
4 0.539844 0.924074 0.014063 0.048148
