4 0.308398 0.415000 0.030859 0.027500
4 0.359570 0.550312 0.027734 0.021875
4 0.360547 0.415312 0.027344 0.020625
4 0.379102 0.460313 0.027734 0.021875
4 0.428906 0.068750 0.017188 0.036250
4 0.457813 0.072500 0.017188 0.043750
4 0.428906 0.122188 0.014844 0.040625
4 0.457227 0.130312 0.013672 0.045625
4 0.427734 0.179063 0.014844 0.040625
4 0.457813 0.184688 0.014844 0.044375
4 0.427734 0.238750 0.014844 0.046250
4 0.430078 0.295625 0.017188 0.046250
4 0.457813 0.236875 0.014844 0.046250
4 0.457813 0.296563 0.012500 0.044375
4 0.411719 0.413125 0.031250 0.027500
4 0.415820 0.457500 0.027734 0.023750
4 0.451367 0.412500 0.025391 0.022500
4 0.491016 0.414062 0.031250 0.025625
4 0.530078 0.414062 0.026562 0.025625
4 0.566211 0.413438 0.027734 0.024375
4 0.602344 0.415000 0.024219 0.023750
4 0.643164 0.413438 0.027734 0.024375
4 0.683398 0.415000 0.025391 0.023750
4 0.721875 0.415938 0.028906 0.025625
4 0.757617 0.417812 0.030859 0.029375
4 0.799414 0.415000 0.023047 0.027500
4 0.838477 0.414062 0.030078 0.025625
4 0.935547 0.415938 0.028906 0.021875
4 0.481641 0.575000 0.019531 0.035000
4 0.505273 0.527500 0.023047 0.035000
4 0.537500 0.487812 0.025000 0.029375
4 0.573242 0.465938 0.027734 0.025625
4 0.613477 0.457500 0.025391 0.020000
4 0.646680 0.458437 0.027734 0.021875
4 0.686328 0.457500 0.024219 0.020000
4 0.725977 0.458437 0.025391 0.025625
4 0.764453 0.455625 0.028906 0.027500
4 0.800586 0.456562 0.027734 0.025625
4 0.974219 0.592812 0.029687 0.021875
4 0.457227 0.740625 0.016016 0.042500
4 0.513477 0.708438 0.013672 0.040625
4 0.515234 0.768125 0.012500 0.046250
4 0.538672 0.702812 0.014063 0.044375
4 0.538086 0.760938 0.015234 0.045625
4 0.539844 0.815937 0.016406 0.045625
4 0.539258 0.872812 0.015234 0.049375
4 0.539844 0.928125 0.014063 0.046250
