4 0.113802 0.555556 0.027604 0.022222
4 0.183333 0.556019 0.029167 0.021296
4 0.219531 0.556944 0.027604 0.019444
4 0.255208 0.556019 0.027083 0.021296
4 0.289323 0.554630 0.027604 0.022222
4 0.324219 0.555556 0.027604 0.020370
4 0.359115 0.556944 0.029687 0.023148
4 0.180469 0.603704 0.031771 0.022222
4 0.215625 0.605556 0.027083 0.024074
4 0.250781 0.604630 0.028646 0.022222
4 0.289062 0.607407 0.028125 0.022222
4 0.324219 0.604630 0.028646 0.025926
4 0.363021 0.603241 0.027083 0.019444
4 0.514062 0.188889 0.014583 0.048148
4 0.613021 0.406019 0.028125 0.021296
4 0.640885 0.404630 0.027604 0.020370
4 0.673958 0.407870 0.028125 0.025000
4 0.704688 0.402778 0.029167 0.024074
4 0.742708 0.407870 0.028125 0.025000
4 0.612240 0.450926 0.026562 0.024074
4 0.646094 0.449074 0.026562 0.022222
4 0.676823 0.450000 0.026562 0.025926
4 0.711458 0.449537 0.027083 0.021296
4 0.746354 0.453241 0.027083 0.021296
4 0.540104 0.839815 0.013542 0.046296
