4 0.451562 0.272917 0.021875 0.062500
4 0.056250 0.543750 0.043750 0.037500
4 0.110937 0.547917 0.046875 0.029167
4 0.168750 0.550000 0.043750 0.025000
4 0.226562 0.550000 0.046875 0.033333
4 0.287500 0.547917 0.037500 0.029167
4 0.015625 0.587500 0.025000 0.025000
4 0.053125 0.591667 0.043750 0.025000
4 0.110937 0.591667 0.046875 0.033333
4 0.164062 0.593750 0.053125 0.029167
4 0.218750 0.593750 0.050000 0.037500
4 0.281250 0.595833 0.050000 0.025000
4 0.403125 0.720833 0.025000 0.050000
4 0.546875 0.714583 0.018750 0.045833
4 0.546875 0.764583 0.018750 0.045833
4 0.587500 0.710417 0.025000 0.045833
4 0.706250 0.406250 0.050000 0.029167
4 0.759375 0.406250 0.043750 0.029167
4 0.810937 0.410417 0.040625 0.029167
4 0.860938 0.410417 0.046875 0.020833
4 0.909375 0.412500 0.037500 0.025000
4 0.956250 0.412500 0.037500 0.025000
4 0.990625 0.416667 0.018750 0.025000
4 0.703125 0.445833 0.043750 0.025000
4 0.756250 0.450000 0.037500 0.025000
4 0.807813 0.450000 0.046875 0.025000
4 0.860938 0.447917 0.040625 0.029167
4 0.904687 0.452083 0.034375 0.020833
4 0.950000 0.452083 0.037500 0.020833
4 0.987500 0.450000 0.025000 0.025000
