4 0.018750 0.547917 0.031250 0.020833
4 0.064062 0.547917 0.040625 0.029167
4 0.117188 0.550000 0.040625 0.025000
4 0.171875 0.545833 0.037500 0.025000
4 0.228125 0.552083 0.037500 0.020833
4 0.284375 0.552083 0.050000 0.020833
4 0.051562 0.591667 0.040625 0.025000
4 0.110937 0.591667 0.034375 0.025000
4 0.170313 0.593750 0.040625 0.020833
4 0.226562 0.597917 0.040625 0.029167
4 0.287500 0.595833 0.043750 0.025000
4 0.451562 0.739583 0.021875 0.062500
4 0.704688 0.406250 0.040625 0.029167
4 0.748437 0.406250 0.040625 0.029167
4 0.796875 0.410417 0.037500 0.020833
4 0.842187 0.408333 0.040625 0.025000
4 0.892188 0.414583 0.040625 0.029167
4 0.703125 0.447917 0.037500 0.029167
4 0.757812 0.450000 0.040625 0.025000
4 0.801562 0.447917 0.040625 0.020833
