4 0.512500 0.447917 0.062500 0.037500
4 0.167187 0.545833 0.040625 0.033333
4 0.096875 0.589583 0.062500 0.029167
4 0.226562 0.545833 0.040625 0.025000
4 0.281250 0.547917 0.050000 0.029167
4 0.226562 0.589583 0.046875 0.020833
4 0.290625 0.593750 0.043750 0.020833
4 0.550000 0.716667 0.018750 0.050000
4 0.550000 0.775000 0.025000 0.041667
4 0.548438 0.837500 0.021875 0.041667
4 0.550000 0.897917 0.025000 0.045833
4 0.592187 0.714583 0.021875 0.045833
4 0.587500 0.775000 0.031250 0.050000
4 0.590625 0.833333 0.025000 0.050000
4 0.590625 0.883333 0.025000 0.041667
4 0.587500 0.935417 0.025000 0.037500
4 0.450000 0.287500 0.025000 0.050000
4 0.403125 0.279167 0.031250 0.050000
4 0.406250 0.220833 0.025000 0.050000
4 0.450000 0.227083 0.031250 0.045833
4 0.403125 0.164583 0.025000 0.045833
4 0.407813 0.108333 0.028125 0.050000
4 0.406250 0.060417 0.025000 0.037500
4 0.450000 0.062500 0.018750 0.050000
4 0.448437 0.112500 0.021875 0.041667
