4 0.453125 0.070833 0.018750 0.050000
4 0.453125 0.412500 0.031250 0.058333
4 0.406250 0.483333 0.031250 0.066667
4 0.592187 0.610417 0.034375 0.062500
4 0.590625 0.702083 0.018750 0.054167
4 0.453125 0.802083 0.025000 0.062500
4 0.453125 0.866667 0.025000 0.058333
4 0.456250 0.939583 0.025000 0.045833
4 0.550000 0.822917 0.025000 0.054167
4 0.546875 0.889583 0.025000 0.054167
4 0.014063 0.545833 0.021875 0.025000
4 0.015625 0.585417 0.025000 0.029167
4 0.060937 0.543750 0.053125 0.029167
4 0.115625 0.547917 0.037500 0.029167
4 0.170313 0.547917 0.040625 0.029167
4 0.228125 0.547917 0.050000 0.029167
4 0.290625 0.547917 0.050000 0.029167
4 0.053125 0.589583 0.043750 0.029167
4 0.107813 0.589583 0.046875 0.029167
4 0.165625 0.591667 0.050000 0.025000
4 0.225000 0.593750 0.056250 0.029167
4 0.282813 0.593750 0.053125 0.029167
4 0.707812 0.408333 0.046875 0.025000
4 0.757812 0.406250 0.040625 0.029167
4 0.817187 0.408333 0.046875 0.025000
4 0.864062 0.408333 0.046875 0.025000
4 0.912500 0.410417 0.037500 0.029167
4 0.956250 0.414583 0.031250 0.020833
4 0.990625 0.414583 0.018750 0.020833
4 0.703125 0.447917 0.043750 0.029167
4 0.760938 0.447917 0.040625 0.020833
4 0.812500 0.452083 0.043750 0.020833
4 0.909375 0.450000 0.037500 0.025000
4 0.951562 0.452083 0.040625 0.037500
4 0.987500 0.456250 0.025000 0.020833
