4 0.018750 0.547917 0.031250 0.037500
4 0.057813 0.547917 0.046875 0.029167
4 0.106250 0.545833 0.050000 0.025000
4 0.164062 0.545833 0.053125 0.033333
4 0.223438 0.543750 0.053125 0.029167
4 0.284375 0.545833 0.056250 0.033333
4 0.015625 0.589583 0.025000 0.029167
4 0.059375 0.587500 0.043750 0.025000
4 0.110937 0.589583 0.053125 0.029167
4 0.165625 0.591667 0.050000 0.033333
4 0.223438 0.593750 0.046875 0.037500
4 0.287500 0.593750 0.050000 0.029167
4 0.696875 0.408333 0.050000 0.033333
4 0.754687 0.412500 0.053125 0.033333
4 0.804688 0.412500 0.040625 0.025000
4 0.846875 0.408333 0.037500 0.025000
4 0.895312 0.412500 0.046875 0.025000
4 0.942187 0.412500 0.028125 0.025000
4 0.981250 0.412500 0.037500 0.025000
4 0.706250 0.447917 0.043750 0.029167
4 0.762500 0.450000 0.043750 0.025000
4 0.817187 0.447917 0.040625 0.029167
4 0.546875 0.633333 0.025000 0.050000
4 0.587500 0.627083 0.031250 0.054167
4 0.546875 0.700000 0.025000 0.050000
4 0.589063 0.697917 0.021875 0.054167
4 0.546875 0.760417 0.025000 0.045833
4 0.593750 0.760417 0.025000 0.054167
4 0.543750 0.822917 0.025000 0.054167
4 0.592187 0.816667 0.028125 0.050000
