4 0.109375 0.587500 0.062500 0.041667
4 0.229687 0.552083 0.046875 0.029167
4 0.293750 0.550000 0.043750 0.033333
4 0.284375 0.593750 0.050000 0.020833
4 0.223438 0.593750 0.040625 0.020833
4 0.592187 0.708333 0.028125 0.041667
4 0.590625 0.764583 0.018750 0.045833
4 0.704688 0.408333 0.046875 0.025000
4 0.754687 0.406250 0.040625 0.020833
4 0.812500 0.404167 0.037500 0.025000
4 0.703125 0.447917 0.043750 0.020833
4 0.759375 0.447917 0.037500 0.020833
4 0.810937 0.450000 0.040625 0.025000
4 0.864062 0.450000 0.040625 0.025000
4 0.907813 0.450000 0.034375 0.033333
4 0.948438 0.450000 0.040625 0.025000
4 0.404687 0.062500 0.028125 0.041667
4 0.404687 0.118750 0.028125 0.045833
4 0.406250 0.175000 0.031250 0.041667
4 0.403125 0.229167 0.031250 0.041667
4 0.401562 0.291667 0.028125 0.050000
4 0.450000 0.285417 0.025000 0.045833
4 0.451562 0.229167 0.021875 0.050000
4 0.450000 0.170833 0.025000 0.041667
4 0.448437 0.114583 0.028125 0.045833
4 0.451562 0.064583 0.021875 0.045833
