4 0.448437 0.216667 0.021875 0.050000
4 0.451562 0.447917 0.021875 0.062500
4 0.704688 0.406250 0.040625 0.029167
4 0.746875 0.406250 0.037500 0.020833
4 0.795312 0.412500 0.040625 0.025000
4 0.842187 0.408333 0.040625 0.025000
4 0.890625 0.414583 0.037500 0.029167
4 0.704688 0.450000 0.040625 0.025000
4 0.754687 0.447917 0.040625 0.029167
4 0.018750 0.547917 0.031250 0.029167
4 0.065625 0.547917 0.043750 0.029167
4 0.117188 0.547917 0.040625 0.029167
4 0.171875 0.545833 0.043750 0.025000
4 0.225000 0.550000 0.037500 0.025000
4 0.285938 0.550000 0.040625 0.025000
4 0.098437 0.591667 0.053125 0.025000
4 0.170313 0.593750 0.046875 0.029167
4 0.226562 0.595833 0.046875 0.033333
4 0.290625 0.595833 0.043750 0.025000
