4 0.404687 0.062500 0.028125 0.050000
4 0.404687 0.118750 0.021875 0.045833
4 0.403125 0.172917 0.025000 0.037500
4 0.400000 0.229167 0.025000 0.041667
4 0.401562 0.287500 0.028125 0.041667
4 0.450000 0.068750 0.025000 0.045833
4 0.448437 0.116667 0.021875 0.041667
4 0.448437 0.168750 0.028125 0.054167
4 0.450000 0.227083 0.031250 0.045833
4 0.450000 0.287500 0.025000 0.058333
4 0.078125 0.589583 0.062500 0.029167
4 0.589063 0.545833 0.059375 0.025000
4 0.868750 0.543750 0.050000 0.020833
4 0.550000 0.710417 0.025000 0.045833
4 0.590625 0.708333 0.018750 0.041667
4 0.545312 0.768750 0.021875 0.037500
4 0.590625 0.764583 0.018750 0.045833
4 0.548438 0.822917 0.028125 0.037500
4 0.592187 0.818750 0.028125 0.045833
4 0.550000 0.883333 0.025000 0.050000
4 0.590625 0.877083 0.025000 0.045833
4 0.548438 0.937500 0.021875 0.041667
4 0.592187 0.933333 0.021875 0.041667
