4 0.015625 0.550000 0.025000 0.033333
4 0.014063 0.585417 0.021875 0.029167
4 0.056250 0.547917 0.050000 0.029167
4 0.112500 0.545833 0.050000 0.033333
4 0.171875 0.547917 0.050000 0.037500
4 0.226562 0.552083 0.053125 0.037500
4 0.285938 0.552083 0.053125 0.037500
4 0.059375 0.591667 0.050000 0.033333
4 0.112500 0.591667 0.050000 0.025000
4 0.168750 0.589583 0.056250 0.029167
4 0.225000 0.593750 0.056250 0.020833
4 0.285938 0.595833 0.059375 0.025000
4 0.696875 0.406250 0.050000 0.037500
4 0.751563 0.406250 0.046875 0.037500
4 0.801562 0.410417 0.046875 0.029167
4 0.853125 0.410417 0.043750 0.029167
4 0.895312 0.412500 0.040625 0.025000
4 0.942187 0.412500 0.040625 0.025000
4 0.984375 0.412500 0.031250 0.025000
4 0.704688 0.450000 0.040625 0.025000
4 0.762500 0.450000 0.043750 0.025000
4 0.818750 0.450000 0.037500 0.025000
4 0.946875 0.535417 0.037500 0.020833
4 0.548438 0.712500 0.021875 0.050000
4 0.546875 0.775000 0.025000 0.058333
4 0.548438 0.835417 0.028125 0.054167
4 0.546875 0.895833 0.025000 0.058333
4 0.590625 0.706250 0.025000 0.045833
4 0.592187 0.768750 0.028125 0.062500
4 0.593750 0.831250 0.025000 0.062500
4 0.592187 0.889583 0.028125 0.062500
