4 0.057813 0.400000 0.065625 0.033333
4 0.059375 0.547917 0.056250 0.029167
4 0.059375 0.589583 0.050000 0.029167
4 0.110937 0.545833 0.046875 0.033333
4 0.110937 0.589583 0.046875 0.029167
4 0.164062 0.545833 0.053125 0.025000
4 0.225000 0.547917 0.050000 0.029167
4 0.284375 0.547917 0.056250 0.029167
4 0.168750 0.591667 0.050000 0.033333
4 0.223438 0.595833 0.053125 0.025000
4 0.287500 0.597917 0.056250 0.020833
4 0.403125 0.589583 0.025000 0.062500
4 0.406250 0.658333 0.031250 0.066667
4 0.404687 0.785417 0.034375 0.070833
4 0.450000 0.608333 0.025000 0.058333
4 0.451562 0.681250 0.028125 0.070833
4 0.450000 0.756250 0.031250 0.070833
4 0.453125 0.825000 0.031250 0.058333
4 0.453125 0.889583 0.037500 0.062500
4 0.454688 0.943750 0.034375 0.037500
4 0.546875 0.714583 0.025000 0.054167
4 0.546875 0.775000 0.031250 0.058333
4 0.548438 0.833333 0.028125 0.050000
4 0.590625 0.708333 0.025000 0.058333
4 0.590625 0.766667 0.018750 0.058333
4 0.590625 0.827083 0.031250 0.054167
4 0.698438 0.408333 0.053125 0.033333
4 0.751563 0.410417 0.046875 0.029167
4 0.798438 0.410417 0.053125 0.029167
4 0.843750 0.412500 0.050000 0.033333
4 0.893750 0.412500 0.043750 0.033333
4 0.937500 0.414583 0.037500 0.029167
4 0.979688 0.416667 0.040625 0.033333
4 0.703125 0.450000 0.043750 0.025000
4 0.762500 0.450000 0.050000 0.025000
4 0.864062 0.450000 0.040625 0.025000
4 0.950000 0.450000 0.056250 0.025000
