4 0.135677 0.556481 0.028646 0.024074
4 0.302865 0.601389 0.025521 0.026852
4 0.443490 0.453241 0.026562 0.028704
4 0.447917 0.556481 0.026042 0.025926
4 0.521094 0.604630 0.030729 0.025926
4 0.645312 0.405556 0.028125 0.022222
4 0.731510 0.405093 0.027604 0.023148
4 0.798438 0.405556 0.025000 0.024074
4 0.716406 0.452778 0.029687 0.020370
4 0.427604 0.017130 0.012500 0.032407
4 0.456250 0.020833 0.014583 0.039815
4 0.429427 0.075463 0.015104 0.045370
4 0.455990 0.083796 0.011979 0.047222
4 0.428906 0.141667 0.014063 0.044444
4 0.457292 0.151389 0.012500 0.047222
4 0.428906 0.208333 0.014063 0.051852
4 0.457813 0.212500 0.012500 0.043519
4 0.429167 0.276389 0.014583 0.047222
4 0.456771 0.279630 0.013542 0.051852
4 0.513542 0.731481 0.013542 0.050000
4 0.539583 0.730093 0.012500 0.047222
4 0.513281 0.799074 0.011979 0.046296
4 0.538802 0.796759 0.015104 0.049074
4 0.513021 0.866204 0.011458 0.045370
4 0.538802 0.861574 0.014063 0.043519
4 0.514583 0.933796 0.011458 0.049074
4 0.539583 0.923148 0.012500 0.046296
4 0.538281 0.981481 0.013021 0.037037
