4 0.406250 0.064583 0.025000 0.045833
4 0.406250 0.116667 0.025000 0.041667
4 0.406250 0.172917 0.031250 0.054167
4 0.404687 0.227083 0.028125 0.045833
4 0.404687 0.287500 0.028125 0.050000
4 0.448437 0.064583 0.028125 0.037500
4 0.448437 0.114583 0.021875 0.037500
4 0.451562 0.170833 0.021875 0.050000
4 0.451562 0.227083 0.021875 0.045833
4 0.450000 0.289583 0.025000 0.054167
4 0.406250 0.595833 0.050000 0.025000
4 0.473438 0.593750 0.053125 0.029167
4 0.703125 0.445833 0.037500 0.025000
4 0.546875 0.710417 0.025000 0.045833
4 0.543750 0.764583 0.025000 0.045833
4 0.548438 0.822917 0.021875 0.045833
4 0.550000 0.879167 0.025000 0.050000
4 0.550000 0.933333 0.018750 0.041667
4 0.589063 0.706250 0.028125 0.045833
4 0.590625 0.764583 0.031250 0.045833
4 0.593750 0.816667 0.031250 0.050000
4 0.589063 0.875000 0.028125 0.058333
4 0.592187 0.931250 0.028125 0.045833
