4 0.542188 0.164583 0.028125 0.062500
4 0.545312 0.239583 0.028125 0.062500
4 0.587500 0.181250 0.025000 0.054167
4 0.589063 0.252083 0.021875 0.070833
4 0.546875 0.308333 0.025000 0.066667
4 0.543750 0.372917 0.031250 0.062500
4 0.589063 0.316667 0.028125 0.058333
4 0.587500 0.381250 0.031250 0.054167
4 0.017188 0.545833 0.028125 0.033333
4 0.056250 0.547917 0.050000 0.029167
4 0.112500 0.545833 0.050000 0.033333
4 0.167187 0.550000 0.053125 0.033333
4 0.223438 0.547917 0.059375 0.029167
4 0.282813 0.547917 0.059375 0.029167
4 0.015625 0.589583 0.025000 0.029167
4 0.057813 0.589583 0.059375 0.029167
4 0.110937 0.589583 0.046875 0.029167
4 0.167187 0.589583 0.059375 0.029167
4 0.225000 0.589583 0.056250 0.029167
4 0.284375 0.591667 0.062500 0.033333
4 0.698438 0.410417 0.046875 0.029167
4 0.748437 0.412500 0.053125 0.025000
4 0.804688 0.412500 0.046875 0.033333
4 0.848437 0.414583 0.046875 0.029167
4 0.893750 0.412500 0.043750 0.033333
4 0.939063 0.414583 0.046875 0.037500
4 0.982812 0.416667 0.034375 0.033333
4 0.709375 0.447917 0.043750 0.029167
4 0.762500 0.450000 0.056250 0.025000
4 0.820312 0.452083 0.040625 0.029167
4 0.865625 0.450000 0.037500 0.025000
