4 0.101562 0.408333 0.065625 0.025000
4 0.029687 0.406250 0.040625 0.029167
4 0.018750 0.550000 0.031250 0.033333
4 0.012500 0.589583 0.018750 0.020833
4 0.062500 0.547917 0.043750 0.029167
4 0.057813 0.587500 0.046875 0.025000
4 0.112500 0.543750 0.037500 0.029167
4 0.110937 0.587500 0.046875 0.025000
4 0.167187 0.545833 0.046875 0.033333
4 0.223438 0.545833 0.040625 0.025000
4 0.284375 0.547917 0.050000 0.020833
4 0.164062 0.591667 0.034375 0.016667
4 0.226562 0.595833 0.040625 0.025000
4 0.281250 0.593750 0.050000 0.029167
4 0.734375 0.406250 0.062500 0.029167
4 0.726562 0.443750 0.053125 0.037500
4 0.532813 0.518750 0.046875 0.054167
4 0.492188 0.579167 0.046875 0.058333
4 0.403125 0.058333 0.031250 0.033333
4 0.406250 0.106250 0.031250 0.045833
4 0.406250 0.162500 0.031250 0.050000
4 0.406250 0.218750 0.031250 0.045833
4 0.404687 0.277083 0.034375 0.062500
4 0.450000 0.064583 0.018750 0.045833
4 0.445312 0.110417 0.028125 0.045833
4 0.448437 0.222917 0.034375 0.045833
4 0.451562 0.289583 0.034375 0.054167
4 0.546875 0.712500 0.031250 0.058333
4 0.587500 0.710417 0.031250 0.054167
4 0.548438 0.775000 0.034375 0.058333
4 0.587500 0.772917 0.025000 0.054167
4 0.548438 0.833333 0.034375 0.050000
4 0.587500 0.833333 0.031250 0.058333
4 0.550000 0.891667 0.031250 0.058333
4 0.590625 0.887500 0.031250 0.058333
4 0.592187 0.935417 0.034375 0.045833
