4 0.076823 0.556481 0.027604 0.018519
4 0.219792 0.556944 0.027083 0.023148
4 0.255990 0.556944 0.025521 0.019444
4 0.262240 0.603241 0.027604 0.025000
4 0.289583 0.555093 0.027083 0.023148
4 0.324479 0.555556 0.025000 0.022222
4 0.359896 0.556481 0.026042 0.024074
4 0.362500 0.602778 0.026042 0.022222
4 0.457552 0.100926 0.011979 0.046296
4 0.611979 0.405556 0.026042 0.024074
4 0.639583 0.404167 0.027083 0.021296
4 0.673177 0.406944 0.027604 0.025000
4 0.705729 0.403704 0.028125 0.022222
4 0.842187 0.407870 0.027083 0.025000
4 0.611979 0.452315 0.027083 0.023148
4 0.646354 0.449537 0.026042 0.021296
4 0.457031 0.950463 0.014063 0.045370
