4 0.014063 0.543750 0.021875 0.029167
4 0.014063 0.591667 0.021875 0.025000
4 0.059375 0.545833 0.043750 0.025000
4 0.115625 0.545833 0.043750 0.025000
4 0.171875 0.547917 0.043750 0.029167
4 0.229687 0.550000 0.040625 0.025000
4 0.289062 0.547917 0.046875 0.029167
4 0.053125 0.589583 0.043750 0.020833
4 0.109375 0.593750 0.043750 0.029167
4 0.165625 0.591667 0.050000 0.025000
4 0.221875 0.593750 0.050000 0.020833
4 0.281250 0.595833 0.043750 0.025000
4 0.704688 0.406250 0.053125 0.029167
4 0.756250 0.404167 0.037500 0.025000
4 0.812500 0.406250 0.043750 0.029167
4 0.862500 0.410417 0.043750 0.029167
4 0.909375 0.410417 0.043750 0.020833
4 0.956250 0.414583 0.037500 0.020833
4 0.990625 0.416667 0.018750 0.025000
4 0.704688 0.447917 0.040625 0.020833
4 0.759375 0.450000 0.043750 0.025000
4 0.807813 0.450000 0.040625 0.025000
4 0.859375 0.445833 0.043750 0.033333
4 0.906250 0.447917 0.031250 0.029167
4 0.951562 0.447917 0.040625 0.029167
4 0.989062 0.447917 0.021875 0.020833
4 0.546875 0.712500 0.018750 0.041667
4 0.589063 0.712500 0.028125 0.050000
4 0.590625 0.772917 0.025000 0.054167
4 0.543750 0.768750 0.018750 0.054167
4 0.548438 0.825000 0.021875 0.050000
4 0.546875 0.877083 0.025000 0.054167
4 0.548438 0.935417 0.021875 0.037500
4 0.593750 0.827083 0.025000 0.045833
4 0.592187 0.872917 0.021875 0.045833
