4 0.450000 0.141667 0.031250 0.058333
4 0.403125 0.279167 0.018750 0.058333
4 0.709375 0.406250 0.050000 0.037500
4 0.759375 0.408333 0.050000 0.033333
4 0.815625 0.410417 0.056250 0.029167
4 0.865625 0.412500 0.043750 0.033333
4 0.915625 0.414583 0.037500 0.029167
4 0.957812 0.414583 0.040625 0.029167
4 0.989062 0.412500 0.021875 0.016667
4 0.703125 0.450000 0.050000 0.025000
4 0.760938 0.452083 0.046875 0.029167
4 0.809375 0.450000 0.043750 0.033333
4 0.864062 0.450000 0.040625 0.025000
4 0.907813 0.454167 0.034375 0.033333
4 0.946875 0.450000 0.043750 0.033333
4 0.985938 0.450000 0.028125 0.033333
4 0.025000 0.545833 0.043750 0.033333
4 0.065625 0.545833 0.043750 0.033333
4 0.114062 0.543750 0.046875 0.029167
4 0.170313 0.547917 0.053125 0.029167
4 0.234375 0.547917 0.050000 0.029167
4 0.290625 0.550000 0.043750 0.025000
4 0.014063 0.591667 0.021875 0.033333
4 0.054688 0.591667 0.046875 0.025000
4 0.109375 0.593750 0.050000 0.029167
4 0.168750 0.593750 0.050000 0.029167
4 0.228125 0.591667 0.056250 0.033333
4 0.282813 0.589583 0.053125 0.029167
4 0.451562 0.847917 0.021875 0.062500
4 0.546875 0.712500 0.025000 0.050000
4 0.593750 0.708333 0.031250 0.058333
4 0.590625 0.764583 0.025000 0.054167
4 0.592187 0.825000 0.021875 0.050000
4 0.593750 0.877083 0.025000 0.045833
4 0.589063 0.925000 0.028125 0.050000
4 0.550000 0.764583 0.031250 0.054167
4 0.548438 0.825000 0.028125 0.058333
4 0.546875 0.883333 0.025000 0.058333
