4 0.053385 0.404630 0.027604 0.022222
4 0.032031 0.452315 0.025521 0.021296
4 0.085156 0.451389 0.024479 0.017593
4 0.204167 0.453241 0.027083 0.019444
4 0.145313 0.606019 0.027083 0.019444
4 0.428125 0.041667 0.013542 0.046296
4 0.428125 0.100463 0.012500 0.047222
4 0.427083 0.159722 0.013542 0.045370
4 0.429427 0.219444 0.014063 0.046296
4 0.428385 0.284722 0.013021 0.049074
4 0.457031 0.064352 0.010937 0.043519
4 0.456771 0.113426 0.011458 0.041667
4 0.457552 0.175000 0.011979 0.048148
4 0.457813 0.223148 0.012500 0.048148
4 0.457552 0.290278 0.013021 0.047222
4 0.495312 0.404630 0.027083 0.022222
4 0.910156 0.402778 0.027604 0.020370
4 0.839583 0.451389 0.031250 0.025000
4 0.767969 0.556019 0.027604 0.025000
4 0.513281 0.730093 0.011979 0.047222
4 0.513021 0.793519 0.011458 0.046296
4 0.513802 0.858333 0.014063 0.044444
4 0.512500 0.918519 0.012500 0.050000
4 0.512240 0.981019 0.013021 0.037963
4 0.540365 0.727315 0.011979 0.047222
4 0.539844 0.792593 0.011979 0.046296
4 0.539844 0.850926 0.011979 0.040741
4 0.539583 0.915278 0.012500 0.049074
4 0.539583 0.976852 0.012500 0.046296
