4 0.143750 0.408333 0.062500 0.033333
4 0.345313 0.445833 0.065625 0.033333
4 0.601562 0.406250 0.065625 0.037500
4 0.900000 0.445833 0.056250 0.033333
4 0.404687 0.062500 0.028125 0.033333
4 0.451562 0.064583 0.028125 0.037500
4 0.406250 0.106250 0.025000 0.054167
4 0.448437 0.114583 0.028125 0.054167
4 0.403125 0.162500 0.025000 0.050000
4 0.403125 0.216667 0.025000 0.058333
4 0.450000 0.222917 0.031250 0.054167
4 0.448437 0.285417 0.034375 0.062500
4 0.403125 0.283333 0.025000 0.066667
4 0.020313 0.545833 0.034375 0.025000
4 0.062500 0.547917 0.050000 0.029167
4 0.114062 0.547917 0.046875 0.029167
4 0.170313 0.550000 0.046875 0.025000
4 0.223438 0.547917 0.046875 0.037500
4 0.284375 0.550000 0.056250 0.041667
4 0.017188 0.591667 0.028125 0.033333
4 0.056250 0.589583 0.050000 0.029167
4 0.114062 0.591667 0.053125 0.025000
4 0.167187 0.589583 0.040625 0.029167
4 0.226562 0.591667 0.040625 0.025000
4 0.282813 0.595833 0.053125 0.025000
4 0.451562 0.897917 0.021875 0.062500
4 0.546875 0.718750 0.025000 0.054167
4 0.589063 0.708333 0.021875 0.050000
4 0.546875 0.775000 0.025000 0.050000
4 0.546875 0.835417 0.025000 0.062500
4 0.548438 0.897917 0.028125 0.054167
4 0.548438 0.941667 0.021875 0.025000
4 0.589063 0.775000 0.021875 0.050000
4 0.590625 0.831250 0.018750 0.054167
4 0.589063 0.883333 0.028125 0.050000
4 0.589063 0.933333 0.028125 0.041667
