4 0.404687 0.058333 0.028125 0.033333
4 0.448437 0.066667 0.028125 0.050000
4 0.407813 0.110417 0.034375 0.054167
4 0.450000 0.116667 0.025000 0.041667
4 0.404687 0.162500 0.028125 0.050000
4 0.407813 0.218750 0.028125 0.054167
4 0.404687 0.283333 0.028125 0.058333
4 0.451562 0.227083 0.034375 0.054167
4 0.453125 0.285417 0.025000 0.062500
4 0.545312 0.710417 0.028125 0.062500
4 0.589063 0.714583 0.034375 0.062500
4 0.553125 0.775000 0.031250 0.058333
4 0.585938 0.779167 0.034375 0.058333
4 0.553125 0.839583 0.037500 0.054167
4 0.589063 0.835417 0.028125 0.045833
4 0.589063 0.885417 0.028125 0.045833
