4 0.451562 0.289583 0.028125 0.054167
4 0.082812 0.410417 0.053125 0.029167
4 0.029687 0.408333 0.040625 0.025000
4 0.040625 0.447917 0.043750 0.020833
4 0.404687 0.058333 0.028125 0.033333
4 0.828125 0.541667 0.043750 0.025000
4 0.882812 0.541667 0.053125 0.025000
4 0.935937 0.537500 0.046875 0.025000
4 0.982812 0.537500 0.034375 0.016667
4 0.984375 0.575000 0.031250 0.016667
4 0.940625 0.581250 0.043750 0.020833
4 0.889062 0.581250 0.046875 0.020833
4 0.834375 0.583333 0.050000 0.025000
4 0.548438 0.708333 0.021875 0.041667
4 0.590625 0.706250 0.025000 0.045833
4 0.592187 0.764583 0.021875 0.045833
4 0.545312 0.766667 0.021875 0.050000
