4 0.406250 0.058333 0.031250 0.033333
4 0.446875 0.060417 0.025000 0.045833
4 0.404687 0.106250 0.028125 0.045833
4 0.446875 0.112500 0.025000 0.050000
4 0.403125 0.162500 0.025000 0.050000
4 0.404687 0.218750 0.028125 0.054167
4 0.400000 0.281250 0.025000 0.062500
4 0.451562 0.225000 0.028125 0.050000
4 0.448437 0.283333 0.028125 0.058333
4 0.045312 0.591667 0.065625 0.025000
4 0.334375 0.550000 0.062500 0.025000
4 0.410938 0.550000 0.059375 0.025000
4 0.484375 0.547917 0.056250 0.029167
4 0.546875 0.547917 0.062500 0.029167
4 0.615625 0.541667 0.062500 0.033333
4 0.684375 0.545833 0.056250 0.025000
4 0.745313 0.547917 0.040625 0.020833
4 0.875000 0.539583 0.056250 0.020833
4 0.696875 0.408333 0.050000 0.025000
4 0.750000 0.410417 0.050000 0.029167
4 0.704688 0.450000 0.034375 0.025000
4 0.590625 0.589583 0.056250 0.029167
4 0.846875 0.585417 0.056250 0.029167
4 0.414062 0.747917 0.021875 0.062500
4 0.414062 0.891667 0.028125 0.050000
4 0.415625 0.941667 0.025000 0.033333
4 0.546875 0.716667 0.025000 0.050000
4 0.590625 0.710417 0.025000 0.054167
4 0.548438 0.779167 0.021875 0.041667
4 0.587500 0.772917 0.031250 0.054167
4 0.546875 0.837500 0.025000 0.041667
4 0.590625 0.833333 0.025000 0.050000
4 0.548438 0.895833 0.028125 0.041667
4 0.589063 0.889583 0.021875 0.045833
4 0.548438 0.939583 0.021875 0.029167
4 0.590625 0.935417 0.025000 0.037500
