4 0.086198 0.600926 0.033854 0.033333
4 0.188542 0.602778 0.022917 0.024074
4 0.224740 0.605093 0.025521 0.025000
4 0.252344 0.605093 0.027604 0.025000
4 0.306250 0.556944 0.031250 0.026852
4 0.285677 0.602778 0.025521 0.020370
4 0.322396 0.606019 0.029167 0.026852
4 0.361719 0.558796 0.026562 0.023148
4 0.359896 0.601852 0.028125 0.022222
4 0.428385 0.039352 0.014063 0.049074
4 0.427083 0.102778 0.013542 0.050000
4 0.428385 0.161111 0.014063 0.055556
4 0.429427 0.218056 0.016146 0.052778
4 0.430469 0.284259 0.016146 0.053704
4 0.457813 0.011574 0.012500 0.021296
4 0.457813 0.060648 0.012500 0.050926
4 0.457031 0.112037 0.016146 0.051852
4 0.457031 0.171759 0.014063 0.047222
4 0.457031 0.223148 0.014063 0.051852
4 0.457031 0.287963 0.014063 0.055556
4 0.513281 0.312500 0.015104 0.050926
4 0.513281 0.857407 0.014063 0.051852
4 0.539583 0.966204 0.012500 0.054630
4 0.615625 0.405556 0.026042 0.022222
4 0.647917 0.404630 0.031250 0.024074
4 0.683594 0.406019 0.028646 0.026852
4 0.719792 0.404630 0.028125 0.022222
4 0.754948 0.404630 0.025521 0.024074
4 0.789844 0.407407 0.026562 0.027778
4 0.613021 0.452315 0.030208 0.026852
4 0.651302 0.454167 0.030729 0.026852
