4 0.237240 0.604167 0.026562 0.021296
4 0.279167 0.604630 0.028125 0.022222
4 0.361198 0.556944 0.027604 0.019444
4 0.360417 0.602315 0.027083 0.021296
4 0.428125 0.041667 0.012500 0.046296
4 0.428125 0.101852 0.012500 0.044444
4 0.426823 0.160185 0.010937 0.046296
4 0.429948 0.218056 0.014063 0.045370
4 0.428385 0.285185 0.013021 0.050000
4 0.457552 0.064352 0.011979 0.043519
4 0.457031 0.111574 0.010937 0.043519
4 0.457292 0.174537 0.012500 0.047222
4 0.457552 0.223148 0.013021 0.048148
4 0.457552 0.288889 0.011979 0.042593
4 0.540625 0.279167 0.012500 0.045370
4 0.513802 0.318981 0.013021 0.043519
4 0.513021 0.388889 0.012500 0.042593
4 0.513542 0.454630 0.013542 0.048148
4 0.513021 0.519907 0.012500 0.049074
4 0.512500 0.587500 0.013542 0.045370
4 0.513802 0.650463 0.013021 0.043519
4 0.513802 0.720370 0.013021 0.051852
4 0.538802 0.576389 0.010937 0.050926
4 0.540885 0.704630 0.010937 0.042593
4 0.557031 0.646296 0.021354 0.040741
4 0.621354 0.601852 0.028125 0.022222
4 0.663021 0.600926 0.025000 0.020370
4 0.698177 0.602315 0.027604 0.021296
4 0.614323 0.405556 0.023438 0.020370
4 0.647135 0.406019 0.025521 0.021296
4 0.683854 0.405556 0.027083 0.022222
4 0.815365 0.404630 0.027604 0.020370
4 0.984896 0.453241 0.028125 0.025000
