4 0.404687 0.062500 0.028125 0.041667
4 0.404687 0.114583 0.028125 0.045833
4 0.404687 0.170833 0.028125 0.041667
4 0.403125 0.233333 0.031250 0.050000
4 0.401562 0.289583 0.028125 0.045833
4 0.451562 0.068750 0.021875 0.045833
4 0.450000 0.114583 0.018750 0.045833
4 0.451562 0.168750 0.021875 0.037500
4 0.451562 0.227083 0.021875 0.037500
4 0.451562 0.285417 0.021875 0.054167
4 0.229687 0.547917 0.053125 0.029167
4 0.290625 0.550000 0.043750 0.025000
4 0.164062 0.589583 0.053125 0.029167
4 0.223438 0.593750 0.046875 0.029167
4 0.281250 0.593750 0.050000 0.029167
4 0.704688 0.406250 0.046875 0.029167
4 0.757812 0.408333 0.040625 0.025000
4 0.810937 0.408333 0.040625 0.025000
4 0.859375 0.410417 0.037500 0.029167
4 0.912500 0.410417 0.031250 0.020833
4 0.701562 0.447917 0.040625 0.029167
4 0.757812 0.450000 0.040625 0.025000
4 0.807813 0.447917 0.034375 0.029167
4 0.860938 0.447917 0.034375 0.029167
4 0.906250 0.452083 0.037500 0.029167
4 0.948438 0.452083 0.034375 0.029167
4 0.987500 0.452083 0.025000 0.020833
