4 0.451562 0.266667 0.034375 0.075000
4 0.400000 0.533333 0.031250 0.066667
4 0.401562 0.602083 0.034375 0.070833
4 0.289062 0.550000 0.040625 0.025000
4 0.228125 0.545833 0.050000 0.033333
4 0.170313 0.547917 0.046875 0.029167
4 0.114062 0.547917 0.046875 0.029167
4 0.057813 0.543750 0.040625 0.029167
4 0.017188 0.547917 0.028125 0.029167
4 0.012500 0.587500 0.018750 0.025000
4 0.051562 0.591667 0.040625 0.025000
4 0.107813 0.593750 0.046875 0.037500
4 0.162500 0.591667 0.050000 0.033333
4 0.225000 0.593750 0.050000 0.029167
4 0.282813 0.591667 0.053125 0.025000
4 0.704688 0.406250 0.046875 0.029167
4 0.754687 0.406250 0.040625 0.020833
4 0.809375 0.408333 0.043750 0.025000
4 0.864062 0.408333 0.046875 0.025000
4 0.910937 0.412500 0.034375 0.025000
4 0.954688 0.412500 0.034375 0.025000
4 0.990625 0.414583 0.018750 0.020833
4 0.704688 0.445833 0.040625 0.025000
4 0.760938 0.445833 0.046875 0.025000
4 0.809375 0.450000 0.043750 0.025000
4 0.860938 0.452083 0.046875 0.029167
4 0.907813 0.450000 0.034375 0.025000
4 0.951562 0.450000 0.034375 0.025000
4 0.985938 0.454167 0.028125 0.033333
4 0.546875 0.714583 0.025000 0.054167
4 0.589063 0.712500 0.021875 0.050000
4 0.545312 0.766667 0.028125 0.050000
4 0.589063 0.772917 0.034375 0.054167
4 0.545312 0.827083 0.028125 0.054167
4 0.592187 0.825000 0.028125 0.050000
4 0.593750 0.875000 0.025000 0.041667
4 0.548438 0.879167 0.028125 0.041667
4 0.550000 0.931250 0.031250 0.045833
4 0.589063 0.927083 0.021875 0.054167
