4 0.548438 0.729167 0.021875 0.066667
4 0.584375 0.206250 0.025000 0.054167
4 0.406250 0.064583 0.025000 0.045833
4 0.404687 0.114583 0.021875 0.045833
4 0.404687 0.170833 0.021875 0.050000
4 0.403125 0.225000 0.025000 0.050000
4 0.403125 0.285417 0.025000 0.054167
4 0.450000 0.066667 0.025000 0.050000
4 0.448437 0.116667 0.021875 0.041667
4 0.450000 0.166667 0.025000 0.050000
4 0.450000 0.225000 0.025000 0.050000
4 0.451562 0.287500 0.028125 0.050000
4 0.228125 0.550000 0.043750 0.033333
4 0.287500 0.550000 0.043750 0.025000
4 0.221875 0.593750 0.050000 0.029167
4 0.281250 0.593750 0.043750 0.020833
4 0.707812 0.408333 0.040625 0.025000
4 0.757812 0.408333 0.034375 0.016667
4 0.812500 0.408333 0.037500 0.025000
4 0.703125 0.447917 0.037500 0.029167
4 0.757812 0.447917 0.034375 0.029167
4 0.809375 0.447917 0.043750 0.029167
4 0.864062 0.450000 0.040625 0.033333
4 0.925000 0.450000 0.050000 0.025000
