4 0.404687 0.225000 0.034375 0.058333
4 0.404687 0.291667 0.028125 0.058333
4 0.017188 0.545833 0.028125 0.025000
4 0.012500 0.587500 0.018750 0.033333
4 0.060937 0.545833 0.046875 0.025000
4 0.112500 0.545833 0.050000 0.033333
4 0.168750 0.545833 0.050000 0.033333
4 0.232813 0.547917 0.059375 0.029167
4 0.289062 0.552083 0.046875 0.020833
4 0.053125 0.589583 0.037500 0.029167
4 0.107813 0.591667 0.046875 0.033333
4 0.165625 0.593750 0.056250 0.037500
4 0.223438 0.595833 0.046875 0.025000
4 0.284375 0.591667 0.043750 0.025000
4 0.707812 0.408333 0.040625 0.025000
4 0.754687 0.408333 0.040625 0.025000
4 0.809375 0.408333 0.050000 0.025000
4 0.862500 0.406250 0.043750 0.029167
4 0.910937 0.410417 0.034375 0.029167
4 0.956250 0.412500 0.031250 0.025000
4 0.990625 0.412500 0.018750 0.025000
4 0.703125 0.443750 0.050000 0.029167
4 0.757812 0.452083 0.046875 0.029167
4 0.810937 0.445833 0.046875 0.033333
4 0.862500 0.447917 0.037500 0.029167
4 0.907813 0.447917 0.040625 0.029167
4 0.948438 0.447917 0.040625 0.029167
4 0.984375 0.450000 0.031250 0.033333
4 0.932813 0.533333 0.053125 0.033333
4 0.406250 0.775000 0.037500 0.066667
4 0.548438 0.712500 0.021875 0.050000
4 0.545312 0.766667 0.021875 0.041667
4 0.550000 0.822917 0.025000 0.054167
4 0.548438 0.879167 0.021875 0.041667
4 0.551562 0.931250 0.028125 0.054167
4 0.592187 0.710417 0.028125 0.054167
4 0.592187 0.772917 0.028125 0.045833
4 0.590625 0.827083 0.031250 0.037500
4 0.592187 0.872917 0.021875 0.045833
4 0.589063 0.929167 0.034375 0.041667
