4 0.403125 0.064583 0.025000 0.054167
4 0.018750 0.547917 0.031250 0.029167
4 0.064062 0.550000 0.040625 0.025000
4 0.118750 0.550000 0.043750 0.025000
4 0.171875 0.545833 0.043750 0.025000
4 0.228125 0.550000 0.037500 0.025000
4 0.282813 0.550000 0.046875 0.025000
4 0.110937 0.593750 0.046875 0.020833
4 0.170313 0.595833 0.046875 0.025000
4 0.228125 0.595833 0.043750 0.033333
4 0.289062 0.595833 0.040625 0.033333
4 0.451562 0.477083 0.028125 0.062500
4 0.542188 0.425000 0.021875 0.066667
4 0.450000 0.797917 0.025000 0.062500
4 0.545312 0.737500 0.021875 0.058333
4 0.704688 0.406250 0.040625 0.020833
4 0.748437 0.406250 0.040625 0.029167
4 0.795312 0.412500 0.040625 0.033333
4 0.843750 0.408333 0.037500 0.025000
4 0.890625 0.410417 0.037500 0.029167
4 0.706250 0.450000 0.037500 0.025000
4 0.756250 0.450000 0.037500 0.025000
