4 0.484375 0.422917 0.050000 0.054167
4 0.015625 0.547917 0.025000 0.037500
4 0.017188 0.589583 0.028125 0.037500
4 0.056250 0.547917 0.050000 0.037500
4 0.114062 0.547917 0.053125 0.037500
4 0.170313 0.545833 0.059375 0.041667
4 0.225000 0.547917 0.050000 0.037500
4 0.285938 0.550000 0.053125 0.025000
4 0.056250 0.587500 0.050000 0.033333
4 0.109375 0.587500 0.056250 0.033333
4 0.165625 0.589583 0.056250 0.037500
4 0.226562 0.593750 0.059375 0.037500
4 0.287500 0.591667 0.056250 0.033333
4 0.698438 0.410417 0.046875 0.029167
4 0.751563 0.408333 0.059375 0.033333
4 0.806250 0.410417 0.043750 0.037500
4 0.848437 0.410417 0.040625 0.037500
4 0.898438 0.412500 0.040625 0.033333
4 0.942187 0.412500 0.040625 0.033333
4 0.982812 0.410417 0.034375 0.029167
4 0.704688 0.452083 0.040625 0.029167
4 0.764062 0.447917 0.046875 0.029167
4 0.817187 0.450000 0.040625 0.025000
4 0.546875 0.712500 0.025000 0.050000
4 0.548438 0.779167 0.028125 0.058333
4 0.548438 0.841667 0.028125 0.058333
4 0.550000 0.902083 0.031250 0.054167
4 0.589063 0.706250 0.028125 0.054167
4 0.590625 0.766667 0.031250 0.066667
4 0.592187 0.829167 0.034375 0.050000
