4 0.168750 0.550000 0.050000 0.025000
4 0.284375 0.595833 0.043750 0.025000
4 0.700000 0.450000 0.043750 0.025000
4 0.976562 0.416667 0.046875 0.025000
4 0.878125 0.577083 0.037500 0.020833
4 0.976562 0.572917 0.040625 0.020833
4 0.542188 0.093750 0.021875 0.054167
4 0.582812 0.122917 0.021875 0.045833
4 0.585938 0.258333 0.021875 0.058333
4 0.542188 0.152083 0.015625 0.054167
4 0.542188 0.210417 0.021875 0.054167
4 0.542188 0.272917 0.021875 0.062500
4 0.404687 0.060417 0.021875 0.037500
4 0.403125 0.116667 0.025000 0.041667
4 0.403125 0.172917 0.025000 0.045833
4 0.401562 0.231250 0.028125 0.045833
4 0.403125 0.287500 0.031250 0.050000
4 0.450000 0.066667 0.018750 0.041667
4 0.450000 0.114583 0.018750 0.045833
4 0.448437 0.168750 0.028125 0.045833
4 0.450000 0.225000 0.031250 0.050000
4 0.450000 0.287500 0.025000 0.050000
