4 0.404687 0.060417 0.028125 0.037500
4 0.451562 0.066667 0.028125 0.050000
4 0.448437 0.112500 0.021875 0.041667
4 0.451562 0.170833 0.021875 0.041667
4 0.407813 0.112500 0.021875 0.041667
4 0.406250 0.172917 0.025000 0.045833
4 0.406250 0.229167 0.025000 0.041667
4 0.404687 0.287500 0.021875 0.050000
4 0.451562 0.225000 0.028125 0.050000
4 0.448437 0.283333 0.028125 0.050000
4 0.051562 0.543750 0.046875 0.029167
4 0.364063 0.552083 0.040625 0.029167
4 0.904687 0.541667 0.046875 0.025000
4 0.954688 0.539583 0.040625 0.029167
4 0.943750 0.579167 0.043750 0.025000
4 0.548438 0.710417 0.021875 0.045833
4 0.589063 0.710417 0.028125 0.045833
4 0.543750 0.764583 0.025000 0.045833
4 0.589063 0.762500 0.021875 0.033333
4 0.592187 0.816667 0.021875 0.050000
4 0.548438 0.822917 0.021875 0.037500
4 0.550000 0.881250 0.018750 0.045833
4 0.589063 0.879167 0.021875 0.050000
4 0.550000 0.935417 0.018750 0.045833
4 0.590625 0.931250 0.025000 0.037500
4 0.415625 0.945833 0.018750 0.033333
