4 0.015625 0.589583 0.025000 0.029167
4 0.054688 0.550000 0.059375 0.025000
4 0.053125 0.589583 0.050000 0.029167
4 0.115625 0.547917 0.050000 0.029167
4 0.171875 0.552083 0.050000 0.029167
4 0.226562 0.550000 0.046875 0.025000
4 0.287500 0.547917 0.050000 0.037500
4 0.281250 0.595833 0.043750 0.025000
4 0.221875 0.593750 0.043750 0.029167
4 0.164062 0.591667 0.046875 0.025000
4 0.109375 0.593750 0.043750 0.020833
4 0.404687 0.739583 0.028125 0.062500
4 0.548438 0.712500 0.021875 0.041667
4 0.589063 0.710417 0.028125 0.045833
4 0.707812 0.408333 0.046875 0.025000
4 0.757812 0.410417 0.040625 0.029167
4 0.810937 0.410417 0.040625 0.029167
4 0.859375 0.410417 0.043750 0.020833
4 0.910937 0.412500 0.034375 0.025000
4 0.953125 0.414583 0.031250 0.020833
4 0.985938 0.452083 0.028125 0.029167
4 0.701562 0.445833 0.046875 0.033333
4 0.756250 0.454167 0.043750 0.025000
4 0.809375 0.447917 0.037500 0.029167
4 0.859375 0.450000 0.037500 0.025000
4 0.903125 0.450000 0.031250 0.025000
4 0.950000 0.450000 0.031250 0.016667
