4 0.482812 0.406250 0.065625 0.037500
4 0.562500 0.406250 0.068750 0.029167
4 0.665625 0.397917 0.062500 0.037500
4 0.187500 0.447917 0.037500 0.029167
4 0.018750 0.550000 0.031250 0.033333
4 0.014063 0.587500 0.021875 0.016667
4 0.059375 0.552083 0.050000 0.037500
4 0.059375 0.591667 0.050000 0.033333
4 0.110937 0.589583 0.053125 0.029167
4 0.118750 0.547917 0.050000 0.029167
4 0.168750 0.547917 0.043750 0.029167
4 0.165625 0.591667 0.050000 0.025000
4 0.223438 0.543750 0.053125 0.037500
4 0.284375 0.543750 0.043750 0.029167
4 0.229687 0.589583 0.046875 0.029167
4 0.285938 0.597917 0.046875 0.029167
4 0.404687 0.060417 0.028125 0.037500
4 0.448437 0.064583 0.028125 0.045833
4 0.406250 0.106250 0.037500 0.045833
4 0.446875 0.112500 0.031250 0.041667
4 0.403125 0.160417 0.031250 0.054167
4 0.404687 0.220833 0.028125 0.050000
4 0.403125 0.283333 0.031250 0.058333
4 0.450000 0.225000 0.031250 0.041667
4 0.450000 0.283333 0.037500 0.066667
4 0.548438 0.714583 0.028125 0.054167
4 0.590625 0.710417 0.031250 0.054167
4 0.546875 0.779167 0.031250 0.058333
4 0.548438 0.839583 0.028125 0.054167
4 0.548438 0.900000 0.028125 0.058333
4 0.548438 0.943750 0.028125 0.037500
4 0.589063 0.768750 0.028125 0.054167
4 0.592187 0.833333 0.028125 0.058333
4 0.593750 0.887500 0.025000 0.050000
4 0.589063 0.935417 0.028125 0.054167
4 0.898438 0.452083 0.059375 0.029167
