4 0.015625 0.543750 0.025000 0.020833
4 0.057813 0.545833 0.046875 0.025000
4 0.114062 0.545833 0.046875 0.025000
4 0.173437 0.550000 0.053125 0.025000
4 0.228125 0.550000 0.050000 0.025000
4 0.287500 0.547917 0.050000 0.029167
4 0.282813 0.591667 0.046875 0.033333
4 0.220312 0.591667 0.046875 0.025000
4 0.165625 0.591667 0.043750 0.025000
4 0.106250 0.591667 0.043750 0.033333
4 0.054688 0.591667 0.040625 0.025000
4 0.015625 0.591667 0.025000 0.033333
4 0.706250 0.408333 0.043750 0.025000
4 0.760938 0.408333 0.040625 0.025000
4 0.812500 0.408333 0.050000 0.025000
4 0.860938 0.408333 0.046875 0.025000
4 0.910937 0.406250 0.040625 0.029167
4 0.956250 0.410417 0.031250 0.029167
4 0.990625 0.416667 0.018750 0.025000
4 0.703125 0.445833 0.043750 0.025000
4 0.756250 0.450000 0.037500 0.025000
4 0.809375 0.450000 0.050000 0.033333
4 0.860938 0.450000 0.046875 0.025000
4 0.907813 0.447917 0.040625 0.029167
4 0.950000 0.450000 0.037500 0.025000
4 0.987500 0.454167 0.025000 0.025000
4 0.545312 0.714583 0.021875 0.045833
4 0.590625 0.712500 0.025000 0.050000
4 0.592187 0.770833 0.021875 0.050000
4 0.545312 0.766667 0.028125 0.050000
4 0.548438 0.827083 0.021875 0.054167
4 0.592187 0.825000 0.021875 0.041667
4 0.592187 0.872917 0.021875 0.045833
4 0.548438 0.883333 0.021875 0.050000
4 0.548438 0.935417 0.021875 0.045833
4 0.587500 0.927083 0.025000 0.045833
