4 0.704688 0.450000 0.046875 0.033333
4 0.032813 0.589583 0.053125 0.029167
4 0.414062 0.864583 0.028125 0.062500
4 0.548438 0.712500 0.021875 0.050000
4 0.592187 0.706250 0.021875 0.045833
4 0.590625 0.762500 0.025000 0.041667
4 0.545312 0.770833 0.028125 0.033333
4 0.545312 0.822917 0.021875 0.037500
4 0.592187 0.820833 0.021875 0.050000
4 0.548438 0.883333 0.021875 0.041667
4 0.592187 0.877083 0.021875 0.045833
4 0.592187 0.931250 0.021875 0.037500
4 0.550000 0.937500 0.025000 0.041667
4 0.450000 0.066667 0.025000 0.041667
4 0.404687 0.062500 0.028125 0.041667
4 0.403125 0.118750 0.025000 0.037500
4 0.404687 0.172917 0.021875 0.045833
4 0.403125 0.231250 0.025000 0.045833
4 0.401562 0.287500 0.021875 0.041667
4 0.450000 0.112500 0.025000 0.050000
4 0.450000 0.166667 0.025000 0.050000
4 0.451562 0.225000 0.028125 0.050000
4 0.451562 0.287500 0.028125 0.058333
