4 0.406250 0.064583 0.025000 0.037500
4 0.450000 0.060417 0.031250 0.037500
4 0.407813 0.104167 0.028125 0.050000
4 0.451562 0.112500 0.021875 0.050000
4 0.403125 0.160417 0.025000 0.054167
4 0.404687 0.216667 0.028125 0.058333
4 0.448437 0.225000 0.028125 0.041667
4 0.401562 0.281250 0.028125 0.062500
4 0.448437 0.287500 0.034375 0.058333
4 0.029687 0.589583 0.053125 0.037500
4 0.237500 0.593750 0.062500 0.029167
4 0.693750 0.410417 0.043750 0.029167
4 0.751563 0.410417 0.046875 0.029167
4 0.801562 0.410417 0.040625 0.029167
4 0.846875 0.412500 0.050000 0.033333
4 0.895312 0.414583 0.040625 0.037500
4 0.940625 0.414583 0.037500 0.029167
4 0.984375 0.414583 0.031250 0.029167
4 0.707812 0.447917 0.040625 0.029167
4 0.798438 0.585417 0.053125 0.029167
4 0.860938 0.583333 0.053125 0.025000
4 0.912500 0.581250 0.050000 0.020833
4 0.964063 0.581250 0.046875 0.020833
4 0.545312 0.547917 0.028125 0.070833
4 0.592187 0.539583 0.034375 0.070833
4 0.589063 0.610417 0.034375 0.062500
4 0.548438 0.614583 0.028125 0.054167
4 0.550000 0.677083 0.025000 0.062500
4 0.592187 0.670833 0.034375 0.058333
4 0.592187 0.729167 0.034375 0.058333
4 0.589063 0.785417 0.034375 0.062500
4 0.590625 0.847917 0.031250 0.062500
4 0.550000 0.741667 0.025000 0.066667
4 0.546875 0.802083 0.031250 0.062500
4 0.548438 0.860417 0.034375 0.054167
4 0.550000 0.922917 0.031250 0.070833
4 0.592187 0.908333 0.028125 0.058333
