4 0.170313 0.545833 0.046875 0.033333
4 0.223438 0.547917 0.046875 0.029167
4 0.285938 0.550000 0.046875 0.025000
4 0.223438 0.593750 0.059375 0.037500
4 0.282813 0.597917 0.053125 0.029167
4 0.404687 0.058333 0.021875 0.033333
4 0.407813 0.108333 0.028125 0.041667
4 0.407813 0.166667 0.028125 0.041667
4 0.403125 0.220833 0.031250 0.050000
4 0.403125 0.281250 0.031250 0.054167
4 0.446875 0.060417 0.025000 0.037500
4 0.448437 0.114583 0.028125 0.045833
4 0.453125 0.227083 0.025000 0.045833
4 0.451562 0.287500 0.028125 0.058333
4 0.540625 0.064583 0.018750 0.037500
4 0.539062 0.114583 0.028125 0.062500
4 0.584375 0.093750 0.025000 0.062500
4 0.696875 0.410417 0.043750 0.029167
4 0.704688 0.450000 0.040625 0.025000
4 0.751563 0.408333 0.046875 0.025000
4 0.801562 0.410417 0.046875 0.029167
4 0.843750 0.410417 0.037500 0.029167
4 0.895312 0.410417 0.046875 0.029167
4 0.939063 0.414583 0.034375 0.029167
4 0.982812 0.416667 0.034375 0.033333
