4 0.403125 0.158333 0.025000 0.058333
4 0.406250 0.222917 0.025000 0.062500
4 0.401562 0.285417 0.028125 0.054167
4 0.403125 0.352083 0.031250 0.054167
4 0.017188 0.541667 0.028125 0.025000
4 0.056250 0.545833 0.050000 0.033333
4 0.114062 0.547917 0.046875 0.029167
4 0.168750 0.550000 0.056250 0.025000
4 0.229687 0.550000 0.059375 0.025000
4 0.289062 0.547917 0.046875 0.029167
4 0.015625 0.589583 0.025000 0.029167
4 0.053125 0.589583 0.050000 0.029167
4 0.106250 0.591667 0.043750 0.033333
4 0.164062 0.591667 0.053125 0.033333
4 0.223438 0.591667 0.053125 0.033333
4 0.284375 0.593750 0.050000 0.029167
4 0.706250 0.404167 0.050000 0.033333
4 0.759375 0.404167 0.043750 0.033333
4 0.809375 0.406250 0.043750 0.037500
4 0.859375 0.408333 0.037500 0.033333
4 0.907813 0.410417 0.040625 0.029167
4 0.954688 0.412500 0.034375 0.025000
4 0.987500 0.414583 0.025000 0.020833
4 0.707812 0.447917 0.053125 0.029167
4 0.757812 0.450000 0.046875 0.025000
4 0.807813 0.450000 0.040625 0.025000
4 0.859375 0.450000 0.043750 0.025000
4 0.904687 0.450000 0.040625 0.025000
4 0.946875 0.450000 0.037500 0.033333
4 0.982812 0.452083 0.034375 0.029167
4 0.404687 0.697917 0.028125 0.054167
4 0.404687 0.777083 0.028125 0.070833
4 0.548438 0.710417 0.021875 0.054167
4 0.592187 0.710417 0.021875 0.054167
4 0.592187 0.770833 0.021875 0.050000
4 0.546875 0.764583 0.025000 0.054167
4 0.548438 0.825000 0.028125 0.050000
4 0.593750 0.827083 0.025000 0.045833
4 0.592187 0.872917 0.021875 0.045833
4 0.548438 0.879167 0.028125 0.050000
4 0.550000 0.931250 0.018750 0.045833
4 0.589063 0.927083 0.028125 0.045833
