4 0.450000 0.320833 0.031250 0.083333
4 0.017188 0.545833 0.028125 0.033333
4 0.015625 0.587500 0.025000 0.033333
4 0.056250 0.545833 0.050000 0.033333
4 0.060937 0.583333 0.040625 0.041667
4 0.107813 0.543750 0.046875 0.029167
4 0.165625 0.543750 0.056250 0.029167
4 0.228125 0.545833 0.056250 0.033333
4 0.287500 0.547917 0.050000 0.029167
4 0.110937 0.587500 0.059375 0.033333
4 0.167187 0.591667 0.046875 0.033333
4 0.225000 0.589583 0.056250 0.029167
4 0.285938 0.593750 0.053125 0.029167
4 0.698438 0.410417 0.046875 0.029167
4 0.750000 0.406250 0.056250 0.029167
4 0.803125 0.408333 0.056250 0.033333
4 0.850000 0.410417 0.037500 0.029167
4 0.895312 0.410417 0.046875 0.029167
4 0.942187 0.410417 0.040625 0.029167
4 0.982812 0.414583 0.034375 0.029167
4 0.706250 0.450000 0.043750 0.025000
4 0.764062 0.450000 0.046875 0.025000
4 0.818750 0.450000 0.043750 0.025000
4 0.546875 0.714583 0.031250 0.045833
4 0.546875 0.777083 0.031250 0.062500
4 0.550000 0.841667 0.031250 0.058333
4 0.550000 0.906250 0.031250 0.062500
4 0.587500 0.708333 0.031250 0.050000
4 0.590625 0.766667 0.031250 0.066667
4 0.596875 0.831250 0.031250 0.062500
