4 0.276562 0.393750 0.046875 0.029167
4 0.340625 0.381250 0.043750 0.037500
4 0.404687 0.166667 0.028125 0.058333
4 0.404687 0.222917 0.028125 0.062500
4 0.403125 0.285417 0.025000 0.062500
4 0.406250 0.350000 0.031250 0.066667
4 0.453125 0.172917 0.025000 0.062500
4 0.456250 0.231250 0.025000 0.054167
4 0.448437 0.293750 0.028125 0.054167
4 0.454688 0.366667 0.028125 0.066667
4 0.453125 0.429167 0.025000 0.066667
4 0.453125 0.487500 0.031250 0.058333
4 0.453125 0.556250 0.025000 0.070833
4 0.401562 0.579167 0.028125 0.083333
4 0.059375 0.545833 0.050000 0.033333
4 0.115625 0.550000 0.050000 0.033333
4 0.171875 0.547917 0.050000 0.029167
4 0.225000 0.547917 0.050000 0.029167
4 0.285938 0.547917 0.053125 0.029167
4 0.104688 0.589583 0.059375 0.037500
4 0.168750 0.597917 0.056250 0.029167
4 0.225000 0.591667 0.043750 0.033333
4 0.284375 0.595833 0.056250 0.033333
4 0.548438 0.712500 0.028125 0.050000
4 0.590625 0.708333 0.031250 0.050000
4 0.592187 0.931250 0.028125 0.045833
4 0.695312 0.410417 0.046875 0.029167
4 0.706250 0.447917 0.037500 0.029167
4 0.750000 0.410417 0.043750 0.029167
4 0.801562 0.410417 0.040625 0.020833
4 0.846875 0.408333 0.043750 0.025000
4 0.895312 0.412500 0.046875 0.025000
4 0.942187 0.412500 0.040625 0.025000
4 0.982812 0.410417 0.034375 0.029167
