4 0.448437 0.258333 0.028125 0.075000
4 0.709375 0.406250 0.050000 0.037500
4 0.765625 0.406250 0.050000 0.037500
4 0.818750 0.406250 0.050000 0.037500
4 0.867188 0.410417 0.040625 0.037500
4 0.912500 0.410417 0.037500 0.029167
4 0.954688 0.410417 0.040625 0.029167
4 0.990625 0.412500 0.018750 0.025000
4 0.703125 0.450000 0.043750 0.025000
4 0.757812 0.450000 0.046875 0.025000
4 0.807813 0.450000 0.046875 0.025000
4 0.862500 0.450000 0.043750 0.025000
4 0.907813 0.452083 0.040625 0.029167
4 0.951562 0.452083 0.040625 0.029167
4 0.987500 0.454167 0.025000 0.025000
4 0.021875 0.545833 0.037500 0.033333
4 0.065625 0.545833 0.050000 0.033333
4 0.112500 0.550000 0.050000 0.041667
4 0.167187 0.545833 0.065625 0.033333
4 0.229687 0.550000 0.059375 0.041667
4 0.287500 0.547917 0.056250 0.037500
4 0.015625 0.589583 0.025000 0.029167
4 0.056250 0.589583 0.050000 0.020833
4 0.107813 0.589583 0.053125 0.029167
4 0.165625 0.591667 0.056250 0.025000
4 0.228125 0.591667 0.056250 0.033333
4 0.281250 0.593750 0.050000 0.029167
4 0.548438 0.710417 0.028125 0.062500
4 0.590625 0.708333 0.025000 0.058333
4 0.548438 0.766667 0.028125 0.050000
4 0.590625 0.768750 0.025000 0.054167
4 0.548438 0.829167 0.028125 0.050000
4 0.590625 0.825000 0.025000 0.050000
4 0.548438 0.885417 0.028125 0.054167
4 0.592187 0.881250 0.021875 0.054167
4 0.590625 0.929167 0.025000 0.041667
