4 0.046875 0.408333 0.062500 0.033333
4 0.021875 0.585417 0.037500 0.029167
4 0.404687 0.077083 0.028125 0.054167
4 0.404687 0.129167 0.021875 0.041667
4 0.400000 0.175000 0.025000 0.050000
4 0.406250 0.225000 0.031250 0.058333
4 0.406250 0.289583 0.031250 0.054167
4 0.451562 0.097917 0.028125 0.045833
4 0.451562 0.143750 0.021875 0.045833
4 0.448437 0.191667 0.028125 0.041667
4 0.453125 0.235417 0.025000 0.045833
4 0.453125 0.293750 0.031250 0.045833
4 0.590625 0.708333 0.025000 0.058333
4 0.589063 0.764583 0.028125 0.062500
4 0.550000 0.875000 0.018750 0.066667
