4 0.810937 0.445833 0.034375 0.033333
4 0.446875 0.060417 0.025000 0.045833
4 0.404687 0.060417 0.021875 0.037500
4 0.406250 0.104167 0.031250 0.041667
4 0.404687 0.164583 0.021875 0.045833
4 0.404687 0.218750 0.021875 0.045833
4 0.404687 0.285417 0.028125 0.054167
4 0.450000 0.287500 0.031250 0.058333
4 0.453125 0.218750 0.025000 0.045833
4 0.448437 0.114583 0.021875 0.045833
4 0.103125 0.408333 0.062500 0.033333
4 0.065625 0.545833 0.050000 0.041667
4 0.115625 0.550000 0.037500 0.025000
4 0.165625 0.550000 0.050000 0.025000
4 0.221875 0.550000 0.050000 0.025000
4 0.279687 0.550000 0.053125 0.025000
4 0.117188 0.589583 0.053125 0.029167
4 0.168750 0.593750 0.043750 0.020833
4 0.228125 0.591667 0.043750 0.025000
4 0.282813 0.595833 0.053125 0.025000
4 0.546875 0.716667 0.031250 0.050000
4 0.587500 0.712500 0.025000 0.041667
4 0.550000 0.779167 0.031250 0.050000
4 0.589063 0.779167 0.028125 0.050000
4 0.545312 0.835417 0.028125 0.045833
4 0.592187 0.835417 0.028125 0.045833
4 0.546875 0.895833 0.025000 0.050000
4 0.592187 0.885417 0.028125 0.045833
4 0.546875 0.943750 0.025000 0.029167
4 0.589063 0.933333 0.028125 0.041667
