4 0.410938 0.075000 0.034375 0.058333
4 0.451562 0.120833 0.021875 0.083333
4 0.451562 0.337500 0.028125 0.083333
4 0.585938 0.289583 0.034375 0.062500
4 0.021875 0.543750 0.037500 0.029167
4 0.067187 0.545833 0.046875 0.033333
4 0.110937 0.545833 0.040625 0.033333
4 0.170313 0.545833 0.059375 0.033333
4 0.234375 0.550000 0.056250 0.033333
4 0.290625 0.545833 0.043750 0.033333
4 0.014063 0.587500 0.021875 0.025000
4 0.056250 0.587500 0.043750 0.033333
4 0.110937 0.589583 0.046875 0.029167
4 0.164062 0.593750 0.046875 0.029167
4 0.225000 0.589583 0.050000 0.029167
4 0.289062 0.591667 0.059375 0.033333
4 0.709375 0.406250 0.050000 0.037500
4 0.762500 0.410417 0.043750 0.037500
4 0.814063 0.410417 0.046875 0.029167
4 0.864062 0.408333 0.040625 0.033333
4 0.912500 0.412500 0.037500 0.025000
4 0.954688 0.410417 0.040625 0.029167
4 0.987500 0.410417 0.025000 0.029167
4 0.704688 0.443750 0.040625 0.029167
4 0.759375 0.445833 0.043750 0.033333
4 0.809375 0.450000 0.050000 0.025000
4 0.859375 0.447917 0.043750 0.029167
4 0.901563 0.445833 0.040625 0.041667
4 0.948438 0.443750 0.040625 0.037500
4 0.987500 0.450000 0.025000 0.033333
4 0.545312 0.339583 0.021875 0.062500
4 0.546875 0.395833 0.031250 0.041667
4 0.543750 0.456250 0.025000 0.054167
4 0.545312 0.518750 0.028125 0.062500
4 0.545312 0.581250 0.028125 0.070833
4 0.546875 0.647917 0.031250 0.062500
4 0.542188 0.708333 0.028125 0.058333
4 0.587500 0.387500 0.025000 0.050000
4 0.589063 0.447917 0.028125 0.062500
4 0.590625 0.508333 0.031250 0.058333
4 0.590625 0.570833 0.031250 0.058333
4 0.590625 0.629167 0.025000 0.050000
