4 0.403125 0.381250 0.031250 0.054167
4 0.451562 0.710417 0.021875 0.070833
4 0.020313 0.550000 0.034375 0.033333
4 0.015625 0.589583 0.025000 0.029167
4 0.067187 0.550000 0.046875 0.041667
4 0.114062 0.547917 0.046875 0.029167
4 0.170313 0.547917 0.046875 0.037500
4 0.229687 0.550000 0.046875 0.033333
4 0.287500 0.547917 0.043750 0.029167
4 0.056250 0.591667 0.043750 0.025000
4 0.114062 0.591667 0.053125 0.033333
4 0.167187 0.593750 0.053125 0.029167
4 0.223438 0.595833 0.053125 0.025000
4 0.284375 0.595833 0.056250 0.025000
4 0.712500 0.402083 0.050000 0.029167
4 0.765625 0.404167 0.050000 0.033333
4 0.821875 0.404167 0.050000 0.033333
4 0.867188 0.410417 0.040625 0.029167
4 0.912500 0.410417 0.043750 0.020833
4 0.954688 0.410417 0.040625 0.029167
4 0.992188 0.412500 0.015625 0.025000
4 0.704688 0.450000 0.046875 0.033333
4 0.762500 0.450000 0.043750 0.025000
4 0.814063 0.447917 0.040625 0.029167
4 0.862500 0.443750 0.043750 0.029167
4 0.906250 0.450000 0.037500 0.025000
4 0.948438 0.452083 0.040625 0.029167
4 0.982812 0.452083 0.028125 0.029167
4 0.546875 0.708333 0.025000 0.050000
4 0.587500 0.704167 0.025000 0.050000
4 0.551562 0.760417 0.028125 0.054167
4 0.587500 0.762500 0.031250 0.050000
4 0.548438 0.818750 0.021875 0.062500
4 0.590625 0.822917 0.025000 0.045833
4 0.548438 0.881250 0.028125 0.045833
4 0.590625 0.877083 0.025000 0.054167
4 0.546875 0.935417 0.031250 0.045833
4 0.590625 0.927083 0.025000 0.037500
