4 0.400000 0.468750 0.056250 0.037500
4 0.104688 0.443750 0.046875 0.029167
4 0.229687 0.552083 0.053125 0.029167
4 0.290625 0.550000 0.043750 0.025000
4 0.223438 0.591667 0.046875 0.025000
4 0.282813 0.593750 0.046875 0.020833
4 0.404687 0.066667 0.021875 0.041667
4 0.404687 0.116667 0.021875 0.050000
4 0.403125 0.166667 0.025000 0.041667
4 0.404687 0.235417 0.028125 0.054167
4 0.403125 0.289583 0.025000 0.045833
4 0.451562 0.068750 0.028125 0.045833
4 0.450000 0.114583 0.018750 0.045833
4 0.451562 0.166667 0.028125 0.041667
4 0.453125 0.225000 0.025000 0.050000
4 0.450000 0.287500 0.025000 0.050000
4 0.590625 0.712500 0.025000 0.041667
4 0.587500 0.768750 0.031250 0.045833
4 0.706250 0.408333 0.050000 0.033333
4 0.751563 0.406250 0.034375 0.020833
4 0.810937 0.406250 0.046875 0.029167
4 0.706250 0.445833 0.050000 0.025000
4 0.760938 0.450000 0.040625 0.025000
4 0.807813 0.450000 0.034375 0.025000
4 0.862500 0.450000 0.031250 0.025000
4 0.906250 0.450000 0.037500 0.033333
4 0.953125 0.450000 0.037500 0.033333
