4 0.032813 0.408333 0.059375 0.033333
4 0.067187 0.550000 0.071875 0.033333
4 0.234375 0.547917 0.050000 0.029167
4 0.290625 0.545833 0.050000 0.033333
4 0.054688 0.589583 0.046875 0.029167
4 0.110937 0.591667 0.046875 0.033333
4 0.165625 0.591667 0.050000 0.033333
4 0.225000 0.589583 0.056250 0.037500
4 0.284375 0.589583 0.056250 0.037500
4 0.403125 0.627083 0.031250 0.079167
4 0.546875 0.710417 0.025000 0.054167
4 0.546875 0.764583 0.025000 0.054167
4 0.548438 0.825000 0.028125 0.050000
4 0.590625 0.702083 0.025000 0.045833
4 0.590625 0.764583 0.025000 0.054167
4 0.592187 0.822917 0.021875 0.045833
4 0.593750 0.872917 0.025000 0.054167
4 0.589063 0.925000 0.028125 0.050000
4 0.709375 0.404167 0.050000 0.033333
4 0.759375 0.408333 0.050000 0.033333
4 0.818750 0.410417 0.050000 0.029167
4 0.867188 0.410417 0.046875 0.037500
4 0.910937 0.410417 0.034375 0.029167
4 0.954688 0.412500 0.040625 0.025000
4 0.703125 0.447917 0.043750 0.029167
4 0.757812 0.447917 0.046875 0.029167
4 0.807813 0.452083 0.053125 0.029167
4 0.857812 0.452083 0.053125 0.029167
4 0.904687 0.452083 0.040625 0.029167
