4 0.450000 0.433333 0.025000 0.058333
4 0.703125 0.406250 0.043750 0.029167
4 0.748437 0.406250 0.040625 0.029167
4 0.795312 0.410417 0.040625 0.029167
4 0.842187 0.406250 0.040625 0.029167
4 0.892188 0.412500 0.040625 0.033333
4 0.703125 0.447917 0.043750 0.029167
4 0.754687 0.447917 0.040625 0.020833
4 0.018750 0.545833 0.031250 0.025000
4 0.064062 0.547917 0.040625 0.029167
4 0.118750 0.547917 0.037500 0.029167
4 0.170313 0.545833 0.040625 0.025000
4 0.226562 0.547917 0.034375 0.029167
4 0.284375 0.552083 0.043750 0.029167
4 0.228125 0.591667 0.043750 0.025000
4 0.289062 0.591667 0.040625 0.033333
