4 0.640625 0.379167 0.056250 0.050000
4 0.928125 0.447917 0.043750 0.029167
4 0.848437 0.583333 0.040625 0.025000
4 0.012500 0.545833 0.018750 0.025000
4 0.184375 0.445833 0.050000 0.033333
4 0.325000 0.450000 0.062500 0.033333
4 0.223438 0.547917 0.046875 0.029167
4 0.284375 0.552083 0.050000 0.029167
4 0.285938 0.595833 0.040625 0.025000
4 0.548438 0.712500 0.028125 0.058333
4 0.548438 0.777083 0.028125 0.054167
4 0.548438 0.837500 0.028125 0.050000
4 0.551562 0.895833 0.021875 0.050000
4 0.550000 0.943750 0.025000 0.037500
4 0.590625 0.710417 0.025000 0.054167
4 0.589063 0.775000 0.021875 0.058333
4 0.590625 0.829167 0.018750 0.050000
4 0.590625 0.885417 0.025000 0.045833
4 0.590625 0.935417 0.025000 0.037500
4 0.451562 0.289583 0.021875 0.054167
4 0.403125 0.283333 0.031250 0.058333
4 0.403125 0.220833 0.025000 0.041667
4 0.401562 0.164583 0.021875 0.045833
4 0.409375 0.108333 0.031250 0.050000
4 0.403125 0.056250 0.031250 0.029167
4 0.446875 0.064583 0.031250 0.045833
4 0.450000 0.114583 0.025000 0.054167
4 0.453125 0.225000 0.031250 0.050000
