4 0.214062 0.545833 0.059375 0.033333
4 0.468750 0.406250 0.068750 0.029167
4 0.581250 0.404167 0.068750 0.025000
4 0.606250 0.450000 0.068750 0.025000
4 0.704688 0.404167 0.059375 0.025000
4 0.742188 0.545833 0.046875 0.033333
4 0.498437 0.591667 0.065625 0.041667
4 0.546875 0.714583 0.037500 0.054167
4 0.590625 0.712500 0.031250 0.058333
4 0.589063 0.775000 0.028125 0.058333
4 0.548438 0.775000 0.028125 0.066667
4 0.550000 0.837500 0.025000 0.050000
4 0.589063 0.835417 0.028125 0.054167
4 0.550000 0.887500 0.031250 0.058333
4 0.590625 0.883333 0.031250 0.050000
4 0.589063 0.935417 0.021875 0.037500
4 0.548438 0.945833 0.028125 0.025000
4 0.406250 0.058333 0.025000 0.033333
4 0.448437 0.062500 0.028125 0.041667
4 0.407813 0.102083 0.034375 0.045833
4 0.448437 0.114583 0.034375 0.045833
4 0.406250 0.162500 0.037500 0.058333
4 0.404687 0.222917 0.034375 0.045833
4 0.450000 0.227083 0.031250 0.045833
4 0.403125 0.281250 0.031250 0.062500
4 0.453125 0.287500 0.031250 0.066667
