4 0.707812 0.406250 0.046875 0.037500
4 0.756250 0.406250 0.043750 0.029167
4 0.809375 0.406250 0.050000 0.029167
4 0.860938 0.408333 0.046875 0.025000
4 0.910937 0.412500 0.034375 0.025000
4 0.956250 0.410417 0.031250 0.029167
4 0.990625 0.416667 0.018750 0.025000
4 0.701562 0.445833 0.040625 0.025000
4 0.756250 0.450000 0.043750 0.025000
4 0.809375 0.450000 0.043750 0.025000
4 0.860938 0.450000 0.040625 0.025000
4 0.906250 0.450000 0.037500 0.025000
4 0.951562 0.452083 0.034375 0.029167
4 0.989062 0.450000 0.021875 0.016667
4 0.014063 0.545833 0.021875 0.033333
4 0.014063 0.587500 0.021875 0.033333
4 0.057813 0.545833 0.046875 0.033333
4 0.112500 0.545833 0.050000 0.033333
4 0.167187 0.541667 0.046875 0.033333
4 0.228125 0.550000 0.050000 0.025000
4 0.292187 0.547917 0.040625 0.037500
4 0.053125 0.591667 0.043750 0.025000
4 0.110937 0.593750 0.046875 0.029167
4 0.165625 0.593750 0.050000 0.029167
4 0.225000 0.593750 0.043750 0.020833
4 0.282813 0.591667 0.046875 0.025000
4 0.546875 0.712500 0.018750 0.050000
4 0.589063 0.710417 0.028125 0.045833
4 0.592187 0.772917 0.021875 0.045833
4 0.545312 0.768750 0.021875 0.054167
4 0.546875 0.827083 0.025000 0.054167
4 0.546875 0.879167 0.025000 0.050000
4 0.546875 0.933333 0.018750 0.041667
4 0.592187 0.825000 0.028125 0.050000
