4 0.545312 0.320833 0.021875 0.066667
4 0.706250 0.404167 0.050000 0.025000
4 0.759375 0.404167 0.043750 0.025000
4 0.812500 0.408333 0.043750 0.025000
4 0.862500 0.408333 0.043750 0.025000
4 0.910937 0.412500 0.040625 0.025000
4 0.954688 0.414583 0.034375 0.020833
4 0.990625 0.412500 0.018750 0.016667
4 0.704688 0.445833 0.046875 0.025000
4 0.764062 0.450000 0.040625 0.025000
4 0.817187 0.452083 0.034375 0.020833
4 0.907813 0.450000 0.040625 0.025000
4 0.951562 0.447917 0.034375 0.029167
4 0.985938 0.450000 0.028125 0.025000
4 0.404687 0.547917 0.028125 0.070833
4 0.546875 0.543750 0.043750 0.062500
4 0.590625 0.762500 0.025000 0.075000
4 0.589063 0.889583 0.021875 0.054167
4 0.289062 0.550000 0.040625 0.033333
4 0.231250 0.547917 0.043750 0.029167
4 0.170313 0.543750 0.040625 0.029167
4 0.115625 0.547917 0.043750 0.029167
4 0.059375 0.547917 0.050000 0.029167
4 0.014063 0.545833 0.021875 0.025000
4 0.014063 0.587500 0.021875 0.033333
4 0.053125 0.591667 0.043750 0.033333
4 0.106250 0.593750 0.043750 0.029167
4 0.165625 0.591667 0.050000 0.025000
4 0.225000 0.593750 0.050000 0.029167
4 0.285938 0.593750 0.053125 0.029167
