4 0.015625 0.541667 0.025000 0.033333
4 0.010937 0.587500 0.015625 0.025000
4 0.059375 0.547917 0.043750 0.029167
4 0.053125 0.591667 0.050000 0.025000
4 0.114062 0.552083 0.046875 0.029167
4 0.112500 0.595833 0.043750 0.025000
4 0.168750 0.550000 0.050000 0.025000
4 0.164062 0.589583 0.046875 0.029167
4 0.225000 0.547917 0.043750 0.037500
4 0.220312 0.593750 0.046875 0.037500
4 0.290625 0.550000 0.043750 0.025000
4 0.284375 0.595833 0.043750 0.025000
4 0.706250 0.406250 0.043750 0.020833
4 0.757812 0.406250 0.040625 0.020833
4 0.814063 0.408333 0.040625 0.025000
4 0.860938 0.408333 0.034375 0.016667
4 0.910937 0.410417 0.034375 0.020833
4 0.956250 0.412500 0.031250 0.025000
4 0.992188 0.414583 0.015625 0.020833
4 0.987500 0.450000 0.025000 0.025000
4 0.950000 0.450000 0.037500 0.025000
4 0.906250 0.450000 0.037500 0.025000
4 0.862500 0.450000 0.037500 0.016667
4 0.809375 0.450000 0.043750 0.025000
4 0.759375 0.447917 0.043750 0.029167
4 0.704688 0.447917 0.046875 0.029167
4 0.546875 0.710417 0.025000 0.054167
4 0.545312 0.766667 0.028125 0.050000
4 0.545312 0.827083 0.021875 0.054167
4 0.546875 0.881250 0.018750 0.045833
4 0.548438 0.931250 0.021875 0.045833
4 0.590625 0.710417 0.025000 0.054167
4 0.590625 0.770833 0.025000 0.050000
