4 0.406250 0.191667 0.031250 0.050000
4 0.446875 0.116667 0.025000 0.041667
4 0.450000 0.225000 0.031250 0.033333
4 0.451562 0.283333 0.021875 0.050000
4 0.403125 0.283333 0.031250 0.050000
4 0.592187 0.708333 0.021875 0.058333
4 0.589063 0.772917 0.028125 0.045833
4 0.031250 0.591667 0.056250 0.025000
4 0.089063 0.589583 0.059375 0.029167
4 0.145313 0.591667 0.065625 0.033333
4 0.215625 0.591667 0.056250 0.033333
4 0.325000 0.593750 0.068750 0.029167
4 0.445312 0.593750 0.065625 0.020833
4 0.520312 0.595833 0.059375 0.025000
4 0.584375 0.593750 0.062500 0.029167
4 0.648438 0.589583 0.059375 0.037500
4 0.704688 0.587500 0.059375 0.033333
4 0.767188 0.589583 0.046875 0.020833
4 0.823438 0.585417 0.046875 0.029167
4 0.879687 0.583333 0.053125 0.025000
4 0.942187 0.579167 0.040625 0.025000
4 0.185938 0.545833 0.053125 0.025000
4 0.254688 0.547917 0.065625 0.029167
4 0.318750 0.547917 0.062500 0.020833
4 0.385937 0.552083 0.065625 0.029167
4 0.448437 0.547917 0.059375 0.037500
4 0.507812 0.545833 0.059375 0.041667
4 0.570312 0.545833 0.065625 0.041667
4 0.625000 0.543750 0.043750 0.045833
4 0.693750 0.547917 0.062500 0.037500
4 0.754687 0.541667 0.046875 0.041667
4 0.937500 0.541667 0.050000 0.025000
4 0.884375 0.541667 0.056250 0.033333
4 0.876563 0.410417 0.046875 0.029167
4 0.828125 0.406250 0.050000 0.029167
4 0.871875 0.445833 0.043750 0.025000
4 0.751563 0.447917 0.065625 0.020833
4 0.696875 0.447917 0.043750 0.029167
4 0.712500 0.404167 0.056250 0.033333
4 0.768750 0.408333 0.050000 0.033333
4 0.646875 0.406250 0.062500 0.029167
4 0.578125 0.400000 0.056250 0.025000
4 0.515625 0.404167 0.062500 0.033333
4 0.445312 0.402083 0.059375 0.037500
4 0.384375 0.402083 0.062500 0.037500
4 0.314063 0.406250 0.065625 0.029167
4 0.245312 0.406250 0.059375 0.029167
4 0.145313 0.406250 0.046875 0.029167
4 0.085938 0.406250 0.065625 0.029167
4 0.028125 0.406250 0.050000 0.029167
4 0.032813 0.450000 0.059375 0.025000
4 0.118750 0.450000 0.050000 0.025000
4 0.192188 0.450000 0.065625 0.025000
4 0.254688 0.447917 0.053125 0.029167
4 0.314063 0.447917 0.065625 0.029167
4 0.378125 0.450000 0.062500 0.025000
4 0.435937 0.450000 0.059375 0.033333
4 0.500000 0.450000 0.062500 0.025000
4 0.562500 0.454167 0.062500 0.025000
4 0.635938 0.454167 0.078125 0.033333
