4 0.450000 0.208333 0.018750 0.050000
4 0.290625 0.552083 0.043750 0.029167
4 0.284375 0.593750 0.043750 0.020833
4 0.221875 0.591667 0.043750 0.025000
4 0.225000 0.545833 0.043750 0.033333
4 0.168750 0.547917 0.043750 0.029167
4 0.115625 0.547917 0.037500 0.029167
4 0.060937 0.550000 0.046875 0.033333
4 0.014063 0.545833 0.021875 0.033333
4 0.014063 0.583333 0.021875 0.041667
4 0.054688 0.587500 0.034375 0.033333
4 0.112500 0.589583 0.050000 0.029167
4 0.164062 0.589583 0.053125 0.029167
4 0.706250 0.406250 0.050000 0.029167
4 0.759375 0.408333 0.050000 0.025000
4 0.810937 0.410417 0.046875 0.029167
4 0.859375 0.408333 0.050000 0.033333
4 0.907813 0.410417 0.046875 0.037500
4 0.953125 0.408333 0.037500 0.033333
4 0.989062 0.414583 0.021875 0.029167
4 0.701562 0.450000 0.046875 0.033333
4 0.757812 0.450000 0.040625 0.033333
4 0.809375 0.447917 0.050000 0.029167
4 0.864062 0.450000 0.053125 0.025000
4 0.907813 0.450000 0.034375 0.025000
4 0.951562 0.450000 0.040625 0.025000
4 0.987500 0.456250 0.025000 0.020833
4 0.545312 0.712500 0.021875 0.050000
4 0.543750 0.764583 0.025000 0.045833
4 0.550000 0.822917 0.018750 0.054167
4 0.546875 0.877083 0.025000 0.045833
4 0.548438 0.937500 0.021875 0.041667
4 0.587500 0.708333 0.025000 0.050000
4 0.590625 0.777083 0.018750 0.054167
4 0.592187 0.829167 0.021875 0.041667
4 0.590625 0.875000 0.025000 0.041667
4 0.589063 0.927083 0.028125 0.045833
