4 0.085677 0.603241 0.026562 0.023148
4 0.187240 0.603704 0.023438 0.020370
4 0.224219 0.604167 0.025521 0.021296
4 0.252083 0.604167 0.028125 0.021296
4 0.285938 0.602778 0.026042 0.022222
4 0.308333 0.557407 0.027083 0.024074
4 0.322396 0.604630 0.027083 0.022222
4 0.361458 0.556481 0.028125 0.022222
4 0.360156 0.600463 0.025521 0.025000
4 0.513542 0.858333 0.014583 0.048148
4 0.539583 0.965741 0.012500 0.048148
4 0.428385 0.042593 0.013021 0.050000
4 0.428125 0.100926 0.013542 0.046296
4 0.427604 0.158796 0.012500 0.047222
4 0.429427 0.219444 0.015104 0.048148
4 0.428646 0.285185 0.014583 0.050000
4 0.457292 0.064815 0.012500 0.046296
4 0.457292 0.112500 0.012500 0.043519
4 0.457292 0.175463 0.014583 0.047222
4 0.457292 0.224074 0.014583 0.048148
4 0.457552 0.289815 0.013021 0.046296
4 0.513281 0.310648 0.014063 0.045370
4 0.614323 0.406019 0.025521 0.017593
4 0.647396 0.406019 0.030208 0.021296
4 0.683073 0.405093 0.026562 0.023148
4 0.719792 0.404167 0.029167 0.023148
4 0.754427 0.405093 0.025521 0.023148
4 0.790104 0.408333 0.026042 0.022222
4 0.613021 0.452778 0.026042 0.024074
4 0.650781 0.453241 0.027604 0.023148
