4 0.458398 0.290312 0.018359 0.045625
4 0.427734 0.342500 0.014844 0.051250
4 0.457227 0.351875 0.016016 0.040000
4 0.428906 0.405000 0.012500 0.043750
4 0.428320 0.466562 0.013672 0.045625
4 0.430078 0.527500 0.014844 0.042500
4 0.428320 0.591562 0.013672 0.045625
4 0.474414 0.406875 0.020703 0.043750
4 0.491602 0.458437 0.023047 0.044375
4 0.520312 0.501563 0.025000 0.038125
4 0.550195 0.535000 0.025391 0.031250
4 0.613477 0.415938 0.025391 0.021875
4 0.702344 0.415000 0.026562 0.023750
4 0.907422 0.457500 0.027344 0.020000
4 0.513477 0.707500 0.013672 0.042500
4 0.459375 0.914375 0.014063 0.040000
4 0.514648 0.761563 0.013672 0.044375
4 0.514648 0.822500 0.013672 0.047500
4 0.539258 0.704688 0.015234 0.048125
4 0.540430 0.752500 0.015234 0.043750
4 0.540430 0.802188 0.015234 0.044375
4 0.541016 0.860938 0.014063 0.044375
4 0.540430 0.921562 0.015234 0.044375
