4 0.183854 0.556019 0.028125 0.021296
4 0.218750 0.556481 0.028125 0.024074
4 0.255729 0.556019 0.028125 0.021296
4 0.250000 0.602778 0.028125 0.022222
4 0.289844 0.553704 0.026562 0.029630
4 0.288802 0.605556 0.026562 0.020370
4 0.324479 0.555556 0.025000 0.022222
4 0.325000 0.603241 0.026042 0.025000
4 0.359896 0.556944 0.028125 0.025000
4 0.362500 0.602315 0.025000 0.021296
4 0.457552 0.137963 0.017188 0.050000
4 0.455990 0.493519 0.013021 0.046296
4 0.457552 0.755556 0.013021 0.050000
4 0.513542 0.732870 0.010417 0.045370
4 0.611458 0.406019 0.027083 0.021296
4 0.640365 0.402315 0.026562 0.025000
4 0.673958 0.408333 0.028125 0.025926
4 0.705990 0.404630 0.026562 0.022222
4 0.742969 0.407407 0.026562 0.025926
4 0.612240 0.450926 0.027604 0.018519
4 0.647396 0.449537 0.030208 0.021296
