4 0.017188 0.543750 0.028125 0.029167
4 0.015625 0.583333 0.025000 0.033333
4 0.059375 0.547917 0.043750 0.029167
4 0.051562 0.593750 0.046875 0.029167
4 0.112500 0.547917 0.050000 0.029167
4 0.110937 0.589583 0.046875 0.029167
4 0.168750 0.545833 0.050000 0.025000
4 0.164062 0.591667 0.053125 0.033333
4 0.226562 0.550000 0.040625 0.025000
4 0.290625 0.550000 0.043750 0.033333
4 0.223438 0.595833 0.046875 0.033333
4 0.284375 0.595833 0.050000 0.025000
4 0.706250 0.406250 0.043750 0.029167
4 0.760938 0.408333 0.040625 0.025000
4 0.810937 0.410417 0.040625 0.029167
4 0.862500 0.408333 0.050000 0.025000
4 0.910937 0.412500 0.034375 0.025000
4 0.957812 0.412500 0.034375 0.025000
4 0.992188 0.414583 0.015625 0.029167
4 0.703125 0.447917 0.043750 0.029167
4 0.760938 0.450000 0.040625 0.025000
4 0.809375 0.447917 0.043750 0.029167
4 0.859375 0.450000 0.043750 0.025000
4 0.906250 0.450000 0.037500 0.025000
4 0.950000 0.450000 0.037500 0.025000
4 0.987500 0.450000 0.025000 0.025000
4 0.546875 0.712500 0.018750 0.050000
4 0.545312 0.764583 0.021875 0.045833
4 0.548438 0.829167 0.021875 0.050000
4 0.546875 0.875000 0.025000 0.050000
4 0.548438 0.933333 0.021875 0.041667
4 0.590625 0.708333 0.025000 0.050000
4 0.590625 0.772917 0.018750 0.054167
