4 0.153125 0.404167 0.062500 0.025000
4 0.370312 0.402083 0.065625 0.029167
4 0.434375 0.445833 0.062500 0.033333
4 0.696875 0.408333 0.050000 0.033333
4 0.404687 0.060417 0.028125 0.029167
4 0.448437 0.062500 0.021875 0.033333
4 0.404687 0.106250 0.028125 0.045833
4 0.448437 0.112500 0.028125 0.050000
4 0.404687 0.160417 0.028125 0.045833
4 0.403125 0.220833 0.025000 0.050000
4 0.401562 0.281250 0.021875 0.062500
4 0.450000 0.225000 0.031250 0.050000
4 0.450000 0.285417 0.031250 0.062500
4 0.026562 0.545833 0.046875 0.033333
4 0.078125 0.547917 0.056250 0.029167
4 0.132812 0.547917 0.046875 0.029167
4 0.185938 0.550000 0.059375 0.041667
4 0.243750 0.550000 0.050000 0.033333
4 0.293750 0.550000 0.043750 0.025000
4 0.021875 0.591667 0.037500 0.033333
4 0.067187 0.591667 0.053125 0.025000
4 0.121875 0.593750 0.056250 0.029167
4 0.184375 0.593750 0.068750 0.029167
4 0.240625 0.593750 0.043750 0.037500
4 0.295312 0.593750 0.053125 0.037500
4 0.545312 0.714583 0.028125 0.062500
4 0.590625 0.712500 0.031250 0.058333
4 0.545312 0.775000 0.028125 0.050000
4 0.589063 0.770833 0.034375 0.058333
4 0.548438 0.833333 0.028125 0.066667
4 0.592187 0.831250 0.034375 0.054167
4 0.550000 0.893750 0.025000 0.054167
4 0.590625 0.889583 0.031250 0.054167
4 0.550000 0.939583 0.025000 0.029167
4 0.589063 0.937500 0.028125 0.033333
