4 0.450000 0.066667 0.025000 0.050000
4 0.450000 0.116667 0.025000 0.041667
4 0.448437 0.166667 0.021875 0.050000
4 0.451562 0.227083 0.021875 0.054167
4 0.451562 0.283333 0.021875 0.058333
4 0.403125 0.170833 0.025000 0.041667
4 0.404687 0.229167 0.021875 0.050000
4 0.403125 0.287500 0.025000 0.041667
4 0.226562 0.547917 0.040625 0.029167
4 0.287500 0.550000 0.043750 0.025000
4 0.225000 0.591667 0.037500 0.033333
4 0.287500 0.591667 0.050000 0.033333
4 0.446875 0.872917 0.025000 0.054167
4 0.548438 0.710417 0.028125 0.045833
4 0.592187 0.712500 0.021875 0.041667
4 0.543750 0.766667 0.025000 0.050000
4 0.545312 0.825000 0.021875 0.041667
4 0.548438 0.883333 0.021875 0.050000
4 0.546875 0.937500 0.025000 0.033333
4 0.592187 0.764583 0.021875 0.045833
4 0.592187 0.816667 0.021875 0.050000
4 0.592187 0.877083 0.021875 0.054167
