4 0.446875 0.283333 0.025000 0.058333
4 0.451562 0.431250 0.021875 0.062500
4 0.401562 0.591667 0.028125 0.058333
4 0.403125 0.654167 0.025000 0.058333
4 0.406250 0.764583 0.025000 0.062500
4 0.546875 0.712500 0.025000 0.050000
4 0.589063 0.712500 0.028125 0.050000
4 0.589063 0.766667 0.028125 0.050000
4 0.545312 0.770833 0.028125 0.050000
4 0.545312 0.825000 0.028125 0.050000
4 0.590625 0.820833 0.025000 0.050000
4 0.593750 0.870833 0.031250 0.041667
4 0.546875 0.879167 0.031250 0.041667
4 0.545312 0.933333 0.021875 0.041667
4 0.592187 0.929167 0.028125 0.041667
4 0.015625 0.543750 0.025000 0.029167
4 0.060937 0.547917 0.046875 0.029167
4 0.114062 0.547917 0.046875 0.029167
4 0.173437 0.550000 0.046875 0.033333
4 0.229687 0.547917 0.059375 0.029167
4 0.290625 0.545833 0.050000 0.033333
4 0.282813 0.591667 0.053125 0.033333
4 0.223438 0.591667 0.046875 0.025000
4 0.165625 0.591667 0.050000 0.025000
4 0.109375 0.591667 0.050000 0.025000
4 0.053125 0.589583 0.043750 0.029167
4 0.012500 0.587500 0.018750 0.025000
4 0.704688 0.408333 0.046875 0.025000
4 0.756250 0.408333 0.043750 0.025000
4 0.812500 0.406250 0.043750 0.029167
4 0.860938 0.408333 0.046875 0.025000
4 0.910937 0.412500 0.034375 0.025000
4 0.954688 0.414583 0.034375 0.020833
4 0.989062 0.414583 0.021875 0.020833
4 0.704688 0.447917 0.046875 0.029167
4 0.757812 0.447917 0.040625 0.029167
4 0.814063 0.452083 0.053125 0.029167
4 0.860938 0.450000 0.040625 0.033333
4 0.904687 0.447917 0.046875 0.029167
4 0.948438 0.452083 0.034375 0.029167
4 0.985938 0.454167 0.028125 0.025000
