4 0.451562 0.275000 0.021875 0.058333
4 0.450000 0.368750 0.025000 0.054167
4 0.451562 0.443750 0.021875 0.054167
4 0.582812 0.193750 0.021875 0.062500
4 0.585938 0.260417 0.028125 0.062500
4 0.587500 0.402083 0.025000 0.062500
4 0.706250 0.406250 0.050000 0.029167
4 0.810937 0.445833 0.034375 0.025000
4 0.756250 0.406250 0.043750 0.029167
4 0.809375 0.406250 0.043750 0.029167
4 0.864062 0.408333 0.034375 0.025000
4 0.912500 0.410417 0.043750 0.020833
4 0.957812 0.414583 0.028125 0.020833
4 0.989062 0.414583 0.021875 0.012500
4 0.706250 0.445833 0.043750 0.025000
4 0.762500 0.447917 0.043750 0.029167
4 0.909375 0.450000 0.037500 0.025000
4 0.954688 0.450000 0.034375 0.025000
4 0.987500 0.450000 0.025000 0.025000
4 0.020313 0.547917 0.034375 0.029167
4 0.059375 0.547917 0.043750 0.029167
4 0.110937 0.547917 0.040625 0.029167
4 0.171875 0.550000 0.050000 0.025000
4 0.231250 0.550000 0.056250 0.033333
4 0.289062 0.550000 0.046875 0.033333
4 0.017188 0.587500 0.028125 0.025000
4 0.056250 0.587500 0.043750 0.033333
4 0.110937 0.591667 0.046875 0.025000
4 0.165625 0.589583 0.043750 0.029167
4 0.225000 0.595833 0.043750 0.025000
4 0.281250 0.595833 0.050000 0.025000
