4 0.406250 0.064583 0.025000 0.045833
4 0.406250 0.110417 0.025000 0.045833
4 0.401562 0.291667 0.021875 0.058333
4 0.448437 0.287500 0.021875 0.058333
4 0.018750 0.543750 0.031250 0.029167
4 0.068750 0.547917 0.050000 0.029167
4 0.121875 0.545833 0.056250 0.033333
4 0.184375 0.547917 0.062500 0.029167
4 0.256250 0.545833 0.068750 0.033333
4 0.318750 0.550000 0.050000 0.025000
4 0.381250 0.547917 0.062500 0.029167
4 0.443750 0.543750 0.050000 0.029167
4 0.496875 0.545833 0.050000 0.033333
4 0.559375 0.545833 0.056250 0.033333
4 0.621875 0.545833 0.050000 0.025000
4 0.684375 0.547917 0.050000 0.029167
4 0.773438 0.543750 0.040625 0.020833
4 0.020313 0.589583 0.034375 0.029167
4 0.068750 0.591667 0.056250 0.025000
4 0.125000 0.591667 0.056250 0.025000
4 0.179688 0.591667 0.053125 0.025000
4 0.246875 0.591667 0.050000 0.025000
4 0.298438 0.589583 0.046875 0.029167
4 0.375000 0.595833 0.056250 0.033333
4 0.450000 0.591667 0.056250 0.033333
4 0.506250 0.593750 0.056250 0.037500
4 0.567187 0.595833 0.065625 0.033333
4 0.631250 0.589583 0.050000 0.029167
4 0.725000 0.585417 0.056250 0.029167
4 0.229687 0.450000 0.046875 0.025000
4 0.295312 0.443750 0.046875 0.029167
4 0.381250 0.400000 0.056250 0.025000
4 0.445312 0.395833 0.053125 0.033333
4 0.504687 0.402083 0.059375 0.029167
4 0.575000 0.402083 0.062500 0.029167
4 0.639062 0.404167 0.040625 0.033333
4 0.692187 0.402083 0.040625 0.029167
4 0.748437 0.406250 0.046875 0.037500
4 0.801562 0.408333 0.040625 0.033333
4 0.857812 0.410417 0.053125 0.029167
4 0.903125 0.410417 0.037500 0.029167
4 0.943750 0.410417 0.037500 0.029167
4 0.985938 0.410417 0.028125 0.020833
4 0.378125 0.447917 0.050000 0.029167
4 0.442188 0.450000 0.059375 0.033333
4 0.504687 0.450000 0.053125 0.033333
4 0.562500 0.452083 0.062500 0.037500
4 0.626563 0.454167 0.053125 0.025000
4 0.684375 0.450000 0.043750 0.025000
4 0.735938 0.447917 0.040625 0.029167
4 0.790625 0.450000 0.050000 0.025000
4 0.848437 0.452083 0.046875 0.029167
4 0.892188 0.450000 0.034375 0.033333
4 0.931250 0.450000 0.050000 0.033333
4 0.979688 0.452083 0.034375 0.029167
4 0.543750 0.077083 0.031250 0.062500
4 0.542188 0.137500 0.028125 0.050000
4 0.543750 0.183333 0.025000 0.041667
4 0.579688 0.066667 0.028125 0.041667
4 0.581250 0.106250 0.025000 0.029167
