4 0.448437 0.283333 0.028125 0.041667
4 0.018750 0.410417 0.031250 0.029167
4 0.062500 0.410417 0.056250 0.029167
4 0.131250 0.410417 0.043750 0.029167
4 0.200000 0.406250 0.062500 0.029167
4 0.262500 0.406250 0.050000 0.020833
4 0.340625 0.406250 0.062500 0.020833
4 0.410938 0.406250 0.065625 0.029167
4 0.482812 0.406250 0.065625 0.020833
4 0.554688 0.400000 0.071875 0.025000
4 0.623437 0.404167 0.059375 0.025000
4 0.556250 0.545833 0.068750 0.025000
4 0.620313 0.545833 0.059375 0.025000
4 0.693750 0.545833 0.056250 0.025000
4 0.753125 0.543750 0.056250 0.020833
4 0.821875 0.541667 0.043750 0.025000
4 0.876563 0.539583 0.046875 0.029167
4 0.931250 0.535417 0.050000 0.029167
4 0.981250 0.535417 0.031250 0.020833
4 0.806250 0.581250 0.062500 0.020833
4 0.873437 0.577083 0.046875 0.020833
4 0.934375 0.575000 0.050000 0.025000
4 0.548438 0.881250 0.028125 0.062500
