4 0.096875 0.589583 0.062500 0.029167
4 0.017188 0.545833 0.028125 0.025000
4 0.201563 0.447917 0.053125 0.020833
4 0.262500 0.450000 0.050000 0.025000
4 0.335938 0.450000 0.053125 0.033333
4 0.409375 0.450000 0.043750 0.025000
4 0.596875 0.447917 0.056250 0.029167
4 0.450000 0.550000 0.056250 0.025000
4 0.537500 0.587500 0.068750 0.033333
4 0.403125 0.058333 0.031250 0.041667
4 0.448437 0.064583 0.028125 0.045833
4 0.407813 0.108333 0.034375 0.050000
4 0.450000 0.116667 0.031250 0.041667
4 0.406250 0.162500 0.025000 0.050000
4 0.403125 0.220833 0.031250 0.041667
4 0.404687 0.283333 0.028125 0.050000
4 0.446875 0.225000 0.031250 0.041667
4 0.454688 0.287500 0.028125 0.041667
4 0.548438 0.716667 0.021875 0.050000
4 0.548438 0.777083 0.034375 0.054167
4 0.546875 0.837500 0.037500 0.058333
4 0.551562 0.902083 0.034375 0.045833
4 0.590625 0.702083 0.025000 0.070833
4 0.589063 0.775000 0.034375 0.058333
4 0.592187 0.831250 0.028125 0.045833
4 0.590625 0.885417 0.025000 0.045833
4 0.584375 0.933333 0.037500 0.041667
