4 0.404687 0.056250 0.028125 0.037500
4 0.404687 0.106250 0.028125 0.062500
4 0.450000 0.172917 0.025000 0.062500
4 0.542188 0.116667 0.021875 0.066667
4 0.585938 0.270833 0.028125 0.075000
4 0.584375 0.387500 0.031250 0.066667
4 0.015625 0.547917 0.025000 0.029167
4 0.015625 0.589583 0.025000 0.029167
4 0.057813 0.547917 0.053125 0.029167
4 0.110937 0.545833 0.046875 0.033333
4 0.168750 0.545833 0.043750 0.025000
4 0.229687 0.547917 0.053125 0.029167
4 0.290625 0.547917 0.050000 0.029167
4 0.053125 0.589583 0.043750 0.029167
4 0.106250 0.591667 0.043750 0.033333
4 0.165625 0.589583 0.050000 0.029167
4 0.226562 0.595833 0.053125 0.033333
4 0.284375 0.597917 0.037500 0.029167
4 0.546875 0.635417 0.031250 0.062500
4 0.707812 0.404167 0.046875 0.025000
4 0.759375 0.404167 0.050000 0.025000
4 0.815625 0.408333 0.043750 0.025000
4 0.864062 0.408333 0.034375 0.025000
4 0.912500 0.412500 0.043750 0.025000
4 0.965625 0.412500 0.043750 0.025000
4 0.706250 0.447917 0.050000 0.020833
4 0.764062 0.447917 0.040625 0.029167
4 0.815625 0.452083 0.031250 0.029167
4 0.909375 0.450000 0.037500 0.025000
4 0.954688 0.452083 0.034375 0.020833
4 0.989062 0.452083 0.021875 0.020833
