4 0.401562 0.289583 0.028125 0.054167
4 0.450000 0.283333 0.018750 0.066667
4 0.465625 0.366667 0.031250 0.058333
4 0.495312 0.425000 0.040625 0.058333
4 0.545312 0.479167 0.053125 0.050000
4 0.014063 0.545833 0.021875 0.025000
4 0.014063 0.591667 0.021875 0.016667
4 0.059375 0.547917 0.037500 0.029167
4 0.115625 0.550000 0.043750 0.025000
4 0.167187 0.550000 0.046875 0.025000
4 0.229687 0.552083 0.040625 0.029167
4 0.289062 0.547917 0.046875 0.029167
4 0.053125 0.589583 0.043750 0.029167
4 0.107813 0.591667 0.046875 0.025000
4 0.164062 0.593750 0.046875 0.020833
4 0.223438 0.593750 0.046875 0.029167
4 0.284375 0.595833 0.043750 0.025000
4 0.706250 0.404167 0.043750 0.025000
4 0.756250 0.404167 0.037500 0.025000
4 0.812500 0.408333 0.043750 0.025000
4 0.862500 0.408333 0.037500 0.025000
4 0.910937 0.410417 0.040625 0.029167
4 0.954688 0.412500 0.034375 0.033333
4 0.990625 0.414583 0.018750 0.020833
4 0.703125 0.447917 0.043750 0.029167
4 0.756250 0.450000 0.043750 0.025000
4 0.810937 0.452083 0.046875 0.029167
4 0.864062 0.450000 0.040625 0.025000
4 0.906250 0.450000 0.037500 0.033333
4 0.950000 0.452083 0.037500 0.029167
4 0.985938 0.454167 0.028125 0.025000
4 0.545312 0.714583 0.021875 0.054167
4 0.589063 0.710417 0.028125 0.054167
4 0.590625 0.770833 0.025000 0.058333
4 0.545312 0.770833 0.021875 0.041667
4 0.548438 0.825000 0.021875 0.050000
4 0.546875 0.879167 0.018750 0.050000
4 0.548438 0.933333 0.021875 0.041667
4 0.592187 0.825000 0.021875 0.041667
4 0.590625 0.872917 0.025000 0.045833
4 0.587500 0.927083 0.025000 0.045833
