4 0.451562 0.085417 0.021875 0.054167
4 0.403125 0.289583 0.031250 0.054167
4 0.014063 0.545833 0.021875 0.025000
4 0.059375 0.545833 0.043750 0.025000
4 0.115625 0.550000 0.043750 0.025000
4 0.170313 0.545833 0.053125 0.025000
4 0.229687 0.547917 0.046875 0.029167
4 0.290625 0.550000 0.050000 0.025000
4 0.015625 0.587500 0.025000 0.025000
4 0.053125 0.589583 0.043750 0.029167
4 0.106250 0.593750 0.037500 0.029167
4 0.164062 0.593750 0.046875 0.029167
4 0.221875 0.589583 0.050000 0.029167
4 0.284375 0.595833 0.043750 0.033333
4 0.706250 0.406250 0.043750 0.029167
4 0.756250 0.408333 0.043750 0.025000
4 0.812500 0.410417 0.043750 0.029167
4 0.859375 0.410417 0.043750 0.029167
4 0.909375 0.412500 0.043750 0.025000
4 0.953125 0.414583 0.031250 0.020833
4 0.990625 0.412500 0.018750 0.025000
4 0.704688 0.445833 0.040625 0.033333
4 0.754687 0.447917 0.040625 0.020833
4 0.810937 0.450000 0.034375 0.025000
4 0.864062 0.447917 0.040625 0.029167
4 0.907813 0.450000 0.040625 0.025000
4 0.950000 0.452083 0.031250 0.020833
4 0.984375 0.450000 0.031250 0.025000
4 0.546875 0.716667 0.018750 0.050000
4 0.545312 0.766667 0.021875 0.050000
4 0.548438 0.825000 0.021875 0.058333
4 0.545312 0.881250 0.021875 0.045833
4 0.548438 0.935417 0.028125 0.037500
4 0.592187 0.710417 0.021875 0.045833
4 0.593750 0.770833 0.018750 0.050000
4 0.592187 0.825000 0.021875 0.050000
4 0.593750 0.870833 0.025000 0.050000
4 0.589063 0.927083 0.015625 0.045833
