4 0.451562 0.091667 0.021875 0.050000
4 0.448437 0.260417 0.021875 0.054167
4 0.403125 0.429167 0.031250 0.066667
4 0.015625 0.547917 0.025000 0.029167
4 0.014063 0.585417 0.021875 0.029167
4 0.059375 0.547917 0.043750 0.029167
4 0.057813 0.591667 0.046875 0.033333
4 0.115625 0.552083 0.050000 0.037500
4 0.110937 0.597917 0.040625 0.029167
4 0.171875 0.547917 0.050000 0.029167
4 0.167187 0.593750 0.059375 0.037500
4 0.226562 0.547917 0.059375 0.029167
4 0.223438 0.597917 0.053125 0.020833
4 0.290625 0.550000 0.043750 0.025000
4 0.282813 0.597917 0.046875 0.029167
4 0.707812 0.406250 0.040625 0.029167
4 0.703125 0.445833 0.043750 0.025000
4 0.754687 0.404167 0.040625 0.025000
4 0.809375 0.408333 0.043750 0.025000
4 0.862500 0.408333 0.037500 0.025000
4 0.909375 0.410417 0.037500 0.029167
4 0.954688 0.412500 0.034375 0.025000
4 0.990625 0.416667 0.018750 0.025000
4 0.759375 0.450000 0.043750 0.025000
4 0.807813 0.450000 0.046875 0.025000
4 0.862500 0.447917 0.037500 0.020833
4 0.906250 0.447917 0.037500 0.029167
4 0.950000 0.452083 0.031250 0.020833
4 0.987500 0.454167 0.025000 0.025000
4 0.545312 0.710417 0.028125 0.054167
4 0.543750 0.764583 0.025000 0.045833
4 0.548438 0.827083 0.028125 0.045833
4 0.545312 0.881250 0.021875 0.045833
4 0.546875 0.931250 0.025000 0.045833
4 0.590625 0.712500 0.025000 0.058333
4 0.592187 0.770833 0.028125 0.058333
4 0.590625 0.827083 0.025000 0.045833
4 0.590625 0.875000 0.025000 0.050000
4 0.589063 0.929167 0.021875 0.050000
