4 0.064062 0.404167 0.053125 0.025000
4 0.184375 0.400000 0.050000 0.025000
4 0.285938 0.402083 0.053125 0.020833
4 0.170313 0.550000 0.046875 0.025000
4 0.232813 0.552083 0.046875 0.020833
4 0.290625 0.550000 0.043750 0.025000
4 0.287500 0.595833 0.050000 0.025000
4 0.223438 0.593750 0.040625 0.029167
4 0.165625 0.591667 0.043750 0.025000
4 0.401562 0.516667 0.028125 0.058333
4 0.451562 0.460417 0.028125 0.054167
4 0.450000 0.522917 0.025000 0.054167
4 0.451562 0.591667 0.021875 0.058333
4 0.451562 0.652083 0.028125 0.054167
4 0.450000 0.716667 0.025000 0.066667
4 0.451562 0.775000 0.021875 0.050000
4 0.454688 0.900000 0.015625 0.058333
4 0.404687 0.845833 0.028125 0.066667
4 0.406250 0.781250 0.031250 0.062500
4 0.401562 0.637500 0.021875 0.050000
4 0.548438 0.718750 0.021875 0.054167
4 0.587500 0.712500 0.025000 0.050000
4 0.707812 0.408333 0.046875 0.033333
4 0.754687 0.408333 0.040625 0.025000
4 0.810937 0.408333 0.040625 0.025000
4 0.859375 0.410417 0.037500 0.020833
4 0.910937 0.412500 0.034375 0.025000
4 0.701562 0.447917 0.046875 0.029167
4 0.754687 0.452083 0.040625 0.029167
4 0.806250 0.447917 0.043750 0.029167
4 0.860938 0.447917 0.034375 0.029167
4 0.904687 0.450000 0.034375 0.025000
4 0.950000 0.450000 0.031250 0.025000
4 0.987500 0.452083 0.025000 0.029167
