4 0.403125 0.204167 0.031250 0.066667
4 0.450000 0.387500 0.018750 0.075000
4 0.403125 0.610417 0.025000 0.079167
4 0.404687 0.689583 0.021875 0.062500
4 0.406250 0.760417 0.025000 0.054167
4 0.407813 0.835417 0.028125 0.054167
4 0.546875 0.708333 0.018750 0.058333
4 0.548438 0.764583 0.028125 0.045833
4 0.548438 0.827083 0.021875 0.045833
4 0.548438 0.883333 0.021875 0.041667
4 0.548438 0.933333 0.021875 0.050000
4 0.590625 0.708333 0.025000 0.050000
4 0.590625 0.768750 0.025000 0.054167
4 0.593750 0.825000 0.025000 0.050000
4 0.593750 0.875000 0.031250 0.050000
4 0.590625 0.927083 0.031250 0.054167
4 0.017188 0.541667 0.028125 0.025000
4 0.057813 0.545833 0.046875 0.033333
4 0.110937 0.545833 0.053125 0.033333
4 0.168750 0.547917 0.050000 0.037500
4 0.228125 0.547917 0.050000 0.037500
4 0.289062 0.550000 0.053125 0.033333
4 0.014063 0.587500 0.021875 0.033333
4 0.054688 0.589583 0.046875 0.029167
4 0.107813 0.591667 0.046875 0.033333
4 0.164062 0.591667 0.059375 0.033333
4 0.226562 0.589583 0.053125 0.037500
4 0.287500 0.591667 0.062500 0.033333
4 0.704688 0.406250 0.053125 0.029167
4 0.756250 0.408333 0.043750 0.033333
4 0.810937 0.410417 0.046875 0.029167
4 0.859375 0.410417 0.050000 0.029167
4 0.910937 0.410417 0.046875 0.029167
4 0.953125 0.410417 0.037500 0.029167
4 0.987500 0.412500 0.025000 0.025000
4 0.701562 0.445833 0.046875 0.025000
4 0.754687 0.447917 0.046875 0.029167
4 0.809375 0.450000 0.056250 0.025000
4 0.864062 0.450000 0.040625 0.025000
4 0.907813 0.450000 0.040625 0.025000
4 0.950000 0.447917 0.043750 0.029167
4 0.984375 0.452083 0.031250 0.037500
