4 0.031250 0.406250 0.043750 0.020833
4 0.020313 0.452083 0.034375 0.029167
4 0.093750 0.410417 0.056250 0.029167
4 0.153125 0.404167 0.050000 0.025000
4 0.217188 0.402083 0.053125 0.029167
4 0.290625 0.402083 0.050000 0.029167
4 0.368750 0.400000 0.043750 0.025000
4 0.437500 0.406250 0.062500 0.029167
4 0.404687 0.075000 0.028125 0.050000
4 0.404687 0.127083 0.028125 0.045833
4 0.400000 0.177083 0.025000 0.054167
4 0.404687 0.227083 0.028125 0.054167
4 0.404687 0.291667 0.034375 0.050000
4 0.450000 0.095833 0.018750 0.041667
4 0.450000 0.141667 0.018750 0.041667
4 0.450000 0.189583 0.025000 0.045833
4 0.451562 0.237500 0.021875 0.050000
4 0.450000 0.293750 0.025000 0.054167
4 0.831250 0.585417 0.050000 0.029167
4 0.881250 0.585417 0.037500 0.029167
4 0.928125 0.577083 0.037500 0.029167
4 0.960938 0.537500 0.040625 0.025000
4 0.976562 0.577083 0.040625 0.029167
4 0.592187 0.877083 0.021875 0.054167
