4 0.364063 0.404167 0.046875 0.025000
4 0.432812 0.402083 0.053125 0.029167
4 0.626563 0.406250 0.053125 0.037500
4 0.581250 0.483333 0.043750 0.041667
4 0.842187 0.447917 0.046875 0.029167
4 0.989062 0.414583 0.021875 0.020833
4 0.401562 0.058333 0.021875 0.033333
4 0.450000 0.062500 0.018750 0.033333
4 0.407813 0.104167 0.028125 0.041667
4 0.451562 0.112500 0.034375 0.050000
4 0.404687 0.160417 0.021875 0.054167
4 0.406250 0.216667 0.025000 0.058333
4 0.450000 0.225000 0.031250 0.050000
4 0.403125 0.281250 0.025000 0.054167
4 0.450000 0.285417 0.025000 0.062500
4 0.017188 0.543750 0.028125 0.029167
4 0.064062 0.547917 0.046875 0.029167
4 0.115625 0.550000 0.037500 0.025000
4 0.171875 0.550000 0.050000 0.033333
4 0.225000 0.547917 0.050000 0.029167
4 0.285938 0.547917 0.046875 0.029167
4 0.012500 0.589583 0.018750 0.029167
4 0.054688 0.591667 0.046875 0.025000
4 0.112500 0.591667 0.050000 0.033333
4 0.168750 0.593750 0.043750 0.029167
4 0.228125 0.591667 0.043750 0.033333
4 0.284375 0.591667 0.050000 0.033333
4 0.546875 0.712500 0.025000 0.050000
4 0.593750 0.710417 0.031250 0.054167
4 0.545312 0.781250 0.028125 0.062500
4 0.587500 0.772917 0.025000 0.054167
4 0.545312 0.841667 0.028125 0.050000
4 0.590625 0.829167 0.025000 0.050000
4 0.548438 0.895833 0.028125 0.050000
4 0.590625 0.885417 0.025000 0.054167
4 0.548438 0.941667 0.028125 0.033333
4 0.590625 0.937500 0.025000 0.033333
