4 0.068750 0.452083 0.043750 0.029167
4 0.056250 0.591667 0.056250 0.025000
4 0.118750 0.552083 0.037500 0.029167
4 0.165625 0.552083 0.043750 0.029167
4 0.226562 0.547917 0.034375 0.029167
4 0.284375 0.547917 0.043750 0.029167
4 0.167187 0.589583 0.040625 0.029167
4 0.228125 0.591667 0.037500 0.025000
4 0.284375 0.591667 0.037500 0.025000
4 0.609375 0.408333 0.062500 0.033333
4 0.406250 0.058333 0.031250 0.033333
4 0.448437 0.062500 0.028125 0.041667
4 0.409375 0.108333 0.031250 0.050000
4 0.446875 0.112500 0.031250 0.050000
4 0.404687 0.162500 0.021875 0.050000
4 0.404687 0.222917 0.028125 0.045833
4 0.403125 0.285417 0.031250 0.054167
4 0.448437 0.227083 0.028125 0.037500
4 0.450000 0.285417 0.025000 0.054167
4 0.545312 0.712500 0.028125 0.058333
4 0.550000 0.775000 0.025000 0.050000
4 0.550000 0.839583 0.025000 0.054167
4 0.550000 0.897917 0.025000 0.045833
4 0.589063 0.712500 0.028125 0.050000
4 0.590625 0.775000 0.031250 0.050000
4 0.590625 0.831250 0.031250 0.045833
4 0.590625 0.885417 0.025000 0.045833
4 0.587500 0.933333 0.031250 0.041667
