4 0.865625 0.539583 0.056250 0.037500
4 0.696875 0.406250 0.056250 0.037500
4 0.753125 0.406250 0.050000 0.037500
4 0.807813 0.406250 0.046875 0.037500
4 0.850000 0.410417 0.043750 0.037500
4 0.895312 0.406250 0.040625 0.037500
4 0.939063 0.412500 0.040625 0.033333
4 0.984375 0.410417 0.031250 0.037500
4 0.704688 0.452083 0.040625 0.029167
4 0.765625 0.452083 0.056250 0.029167
4 0.817187 0.454167 0.034375 0.025000
4 0.015625 0.541667 0.025000 0.025000
4 0.057813 0.545833 0.053125 0.033333
4 0.107813 0.547917 0.046875 0.029167
4 0.160938 0.547917 0.053125 0.029167
4 0.221875 0.547917 0.056250 0.029167
4 0.282813 0.550000 0.059375 0.033333
4 0.012500 0.589583 0.018750 0.029167
4 0.057813 0.589583 0.053125 0.037500
4 0.109375 0.589583 0.043750 0.045833
4 0.167187 0.591667 0.053125 0.041667
4 0.221875 0.593750 0.056250 0.037500
4 0.284375 0.595833 0.056250 0.041667
4 0.548438 0.712500 0.028125 0.058333
4 0.592187 0.708333 0.034375 0.050000
4 0.548438 0.775000 0.021875 0.058333
4 0.592187 0.770833 0.034375 0.058333
4 0.545312 0.837500 0.034375 0.050000
4 0.590625 0.829167 0.031250 0.066667
4 0.548438 0.900000 0.028125 0.058333
