4 0.360938 0.591667 0.053125 0.033333
4 0.425000 0.595833 0.068750 0.041667
4 0.501563 0.591667 0.065625 0.033333
4 0.567187 0.593750 0.065625 0.029167
4 0.695312 0.408333 0.040625 0.025000
4 0.753125 0.410417 0.050000 0.029167
4 0.804688 0.414583 0.046875 0.029167
4 0.940625 0.412500 0.050000 0.033333
4 0.987500 0.414583 0.025000 0.029167
4 0.709375 0.447917 0.037500 0.029167
4 0.404687 0.056250 0.028125 0.037500
4 0.446875 0.060417 0.031250 0.037500
4 0.404687 0.104167 0.028125 0.050000
4 0.404687 0.158333 0.028125 0.050000
4 0.404687 0.220833 0.028125 0.058333
4 0.403125 0.283333 0.031250 0.058333
4 0.451562 0.118750 0.028125 0.054167
4 0.451562 0.225000 0.034375 0.050000
4 0.451562 0.285417 0.028125 0.062500
4 0.546875 0.714583 0.031250 0.062500
4 0.589063 0.712500 0.028125 0.058333
4 0.550000 0.777083 0.037500 0.054167
4 0.589063 0.775000 0.034375 0.058333
4 0.550000 0.837500 0.037500 0.058333
4 0.590625 0.831250 0.037500 0.054167
4 0.550000 0.904167 0.037500 0.050000
4 0.592187 0.887500 0.034375 0.058333
4 0.589063 0.935417 0.028125 0.037500
4 0.548438 0.945833 0.028125 0.025000
