4 0.493750 0.420833 0.050000 0.066667
4 0.014063 0.545833 0.021875 0.025000
4 0.064062 0.545833 0.053125 0.033333
4 0.112500 0.545833 0.043750 0.033333
4 0.167187 0.543750 0.053125 0.029167
4 0.228125 0.550000 0.050000 0.025000
4 0.287500 0.550000 0.050000 0.025000
4 0.282813 0.591667 0.046875 0.033333
4 0.221875 0.595833 0.043750 0.025000
4 0.164062 0.591667 0.046875 0.025000
4 0.107813 0.593750 0.040625 0.029167
4 0.053125 0.589583 0.043750 0.029167
4 0.014063 0.591667 0.021875 0.025000
4 0.704688 0.406250 0.046875 0.029167
4 0.757812 0.408333 0.046875 0.025000
4 0.810937 0.406250 0.046875 0.029167
4 0.859375 0.406250 0.037500 0.029167
4 0.910937 0.410417 0.046875 0.029167
4 0.956250 0.412500 0.037500 0.025000
4 0.990625 0.416667 0.018750 0.025000
4 0.985938 0.450000 0.028125 0.025000
4 0.951562 0.452083 0.040625 0.020833
4 0.903125 0.450000 0.037500 0.025000
4 0.859375 0.447917 0.037500 0.029167
4 0.810937 0.447917 0.046875 0.020833
4 0.757812 0.450000 0.046875 0.025000
4 0.703125 0.445833 0.043750 0.025000
4 0.550000 0.708333 0.025000 0.058333
4 0.593750 0.710417 0.025000 0.054167
4 0.548438 0.766667 0.028125 0.050000
4 0.590625 0.770833 0.025000 0.058333
4 0.551562 0.827083 0.034375 0.045833
4 0.590625 0.827083 0.031250 0.045833
4 0.548438 0.879167 0.028125 0.050000
4 0.550000 0.933333 0.031250 0.041667
4 0.590625 0.877083 0.031250 0.045833
4 0.590625 0.929167 0.025000 0.041667
