4 0.450000 0.112500 0.025000 0.058333
4 0.542188 0.172917 0.021875 0.054167
4 0.543750 0.543750 0.025000 0.062500
4 0.403125 0.597917 0.025000 0.062500
4 0.018750 0.545833 0.031250 0.025000
4 0.064062 0.547917 0.040625 0.029167
4 0.117188 0.550000 0.040625 0.025000
4 0.175000 0.545833 0.043750 0.025000
4 0.229687 0.547917 0.040625 0.029167
4 0.285938 0.550000 0.046875 0.033333
4 0.112500 0.591667 0.043750 0.025000
4 0.175000 0.593750 0.050000 0.029167
4 0.228125 0.589583 0.043750 0.029167
4 0.289062 0.595833 0.040625 0.025000
4 0.703125 0.408333 0.037500 0.025000
4 0.746875 0.406250 0.037500 0.029167
4 0.793750 0.410417 0.037500 0.029167
4 0.842187 0.406250 0.034375 0.029167
4 0.892188 0.412500 0.034375 0.025000
4 0.704688 0.447917 0.040625 0.020833
4 0.759375 0.447917 0.037500 0.020833
