4 0.840625 0.585417 0.050000 0.029167
4 0.548438 0.716667 0.028125 0.066667
4 0.548438 0.777083 0.028125 0.054167
4 0.550000 0.862500 0.018750 0.066667
4 0.590625 0.885417 0.025000 0.045833
4 0.592187 0.831250 0.028125 0.045833
4 0.590625 0.770833 0.031250 0.050000
4 0.592187 0.714583 0.028125 0.054167
4 0.407813 0.106250 0.034375 0.045833
4 0.403125 0.164583 0.025000 0.062500
4 0.407813 0.218750 0.034375 0.045833
4 0.401562 0.281250 0.028125 0.062500
4 0.448437 0.062500 0.028125 0.050000
4 0.450000 0.114583 0.031250 0.054167
4 0.453125 0.222917 0.025000 0.054167
4 0.448437 0.283333 0.034375 0.058333
