4 0.407813 0.087500 0.021875 0.058333
4 0.404687 0.160417 0.021875 0.062500
4 0.639062 0.533333 0.046875 0.041667
4 0.015625 0.547917 0.025000 0.029167
4 0.014063 0.585417 0.021875 0.029167
4 0.059375 0.547917 0.050000 0.029167
4 0.118750 0.547917 0.043750 0.029167
4 0.170313 0.550000 0.053125 0.033333
4 0.229687 0.550000 0.046875 0.033333
4 0.289062 0.547917 0.046875 0.029167
4 0.050000 0.589583 0.043750 0.029167
4 0.107813 0.593750 0.046875 0.029167
4 0.162500 0.593750 0.043750 0.029167
4 0.221875 0.595833 0.050000 0.025000
4 0.282813 0.595833 0.053125 0.025000
4 0.401562 0.656250 0.021875 0.070833
4 0.404687 0.758333 0.028125 0.066667
4 0.706250 0.404167 0.050000 0.033333
4 0.757812 0.406250 0.040625 0.037500
4 0.810937 0.406250 0.040625 0.029167
4 0.860938 0.408333 0.046875 0.033333
4 0.910937 0.412500 0.040625 0.025000
4 0.954688 0.414583 0.034375 0.020833
4 0.990625 0.414583 0.018750 0.029167
4 0.703125 0.443750 0.043750 0.029167
4 0.757812 0.450000 0.040625 0.025000
4 0.807813 0.447917 0.046875 0.020833
4 0.859375 0.450000 0.043750 0.025000
4 0.906250 0.447917 0.037500 0.029167
4 0.951562 0.447917 0.040625 0.029167
4 0.984375 0.450000 0.031250 0.025000
4 0.548438 0.714583 0.021875 0.054167
4 0.545312 0.762500 0.028125 0.050000
4 0.548438 0.827083 0.028125 0.054167
4 0.546875 0.881250 0.025000 0.045833
4 0.548438 0.931250 0.021875 0.054167
4 0.590625 0.708333 0.025000 0.050000
4 0.592187 0.770833 0.021875 0.058333
4 0.592187 0.825000 0.028125 0.041667
4 0.592187 0.870833 0.028125 0.050000
4 0.587500 0.925000 0.025000 0.050000
