4 0.044531 0.602778 0.029687 0.022222
4 0.434896 0.556944 0.027083 0.019444
4 0.610156 0.450926 0.025521 0.020370
4 0.529948 0.605093 0.026562 0.019444
4 0.572917 0.604630 0.025000 0.016667
4 0.428906 0.022685 0.015104 0.043519
4 0.428125 0.087037 0.013542 0.046296
4 0.429167 0.150463 0.013542 0.045370
4 0.428906 0.215741 0.014063 0.048148
4 0.428646 0.279167 0.012500 0.045370
4 0.457552 0.025463 0.011979 0.047222
4 0.455990 0.081019 0.013021 0.043519
4 0.457292 0.146296 0.012500 0.048148
4 0.457813 0.212037 0.013542 0.048148
4 0.457813 0.278704 0.012500 0.044444
4 0.513542 0.729630 0.013542 0.048148
4 0.511719 0.788426 0.014063 0.045370
4 0.513542 0.850000 0.010417 0.046296
4 0.513802 0.917130 0.013021 0.049074
4 0.512760 0.979167 0.011979 0.041667
4 0.540104 0.725926 0.013542 0.048148
4 0.539583 0.788426 0.013542 0.045370
4 0.540885 0.845833 0.010937 0.047222
4 0.540104 0.914352 0.012500 0.045370
4 0.539844 0.976852 0.013021 0.044444
