4 0.427148 0.246250 0.011328 0.042500
4 0.428906 0.303125 0.012500 0.042500
4 0.458203 0.175313 0.011719 0.040625
4 0.457813 0.237813 0.012500 0.040625
4 0.457227 0.297500 0.013672 0.046250
4 0.615625 0.415000 0.025000 0.023750
4 0.653516 0.415938 0.027344 0.021875
4 0.691992 0.415938 0.028516 0.025625
4 0.725977 0.414062 0.025391 0.025625
4 0.615625 0.457500 0.027344 0.027500
4 0.652930 0.459375 0.030859 0.031250
4 0.689844 0.459375 0.028906 0.023750
4 0.893164 0.458437 0.028516 0.021875
4 0.513477 0.702812 0.013672 0.044375
